  2.000000000000000E-003  2.000000000000000E-003  -2.04614892148070     
  2.000000000000000E-003  0.521207916666667       -1.66746505929731     
  2.000000000000000E-003   1.04041583333333       -1.02982298311438     
  2.000000000000000E-003   1.55962375000000      -0.651025309593918     
  2.000000000000000E-003   2.07883166666667      -0.446948405272072     
  2.000000000000000E-003   2.59803958333333      -0.332700987877907     
  2.000000000000000E-003   3.11724750000000      -0.263433521748487     
  2.000000000000000E-003   3.63645541666667      -0.218512073362319     
  2.000000000000000E-003   4.15566333333333      -0.183406042569206     
  2.000000000000000E-003   4.67487125000000      -0.153772513306595     
  2.000000000000000E-003   5.19407916666667      -0.135075437083321     
  2.000000000000000E-003   5.71328708333333      -0.113894309179613     
  2.000000000000000E-003   6.23249500000000      -9.620228298002452E-002
  2.000000000000000E-003   6.75170291666667      -8.232703538888939E-002
  2.000000000000000E-003   7.27091083333333      -7.122752614853699E-002
  2.000000000000000E-003   7.79011875000000      -6.194874442774626E-002
  2.000000000000000E-003   8.30932666666667      -5.374483094371698E-002
  2.000000000000000E-003   8.82853458333333      -4.611897669400000E-002
  2.000000000000000E-003   9.34774250000000      -3.802468715871059E-002
  2.000000000000000E-003   9.86695041666667      -3.120894490828104E-002
  2.000000000000000E-003   10.3861583333333      -2.541028932910432E-002
  2.000000000000000E-003   10.9053662500000      -1.987995546111759E-002
  2.000000000000000E-003   11.4245741666667      -1.496676052092805E-002
  2.000000000000000E-003   11.9437820833333      -1.061904651265182E-002
  2.000000000000000E-003   12.4629900000000      -6.708818548565512E-003
  0.302332916666667       2.000000000000000E-003  -2.05598003923774     
  0.302332916666667       0.521207916666667       -1.56633499859320     
  0.302332916666667        1.04041583333333      -0.989556730492170     
  0.302332916666667        1.55962375000000      -0.636404858351343     
  0.302332916666667        2.07883166666667      -0.440931863680149     
  0.302332916666667        2.59803958333333      -0.329727348398960     
  0.302332916666667        3.11724750000000      -0.261623135964280     
  0.302332916666667        3.63645541666667      -0.216772257868032     
  0.302332916666667        4.15566333333333      -0.180937768674054     
  0.302332916666667        4.67487125000000      -0.151893573023373     
  0.302332916666667        5.19407916666667      -0.133387362655444     
  0.302332916666667        5.71328708333333      -0.113186594007158     
  0.302332916666667        6.23249500000000      -9.592574479743994E-002
  0.302332916666667        6.75170291666667      -8.217577667223597E-002
  0.302332916666667        7.27091083333333      -7.113099510277235E-002
  0.302332916666667        7.79011875000000      -6.188262839722326E-002
  0.302332916666667        8.30932666666667      -5.360336814533381E-002
  0.302332916666667        8.82853458333333      -4.594789094685026E-002
  0.302332916666667        9.34774250000000      -3.805078826527215E-002
  0.302332916666667        9.86695041666667      -3.126628984069825E-002
  0.302332916666667        10.3861583333333      -2.538072812073728E-002
  0.302332916666667        10.9053662500000      -1.986166515027657E-002
  0.302332916666667        11.4245741666667      -1.496253322014507E-002
  0.302332916666667        11.9437820833333      -1.061712786282268E-002
  0.302332916666667        12.4629900000000      -6.707387967857780E-003
  0.602665833333333       2.000000000000000E-003  -1.74711048343336     
  0.602665833333333       0.521207916666667       -1.35247581095080     
  0.602665833333333        1.04041583333333      -0.892304948718503     
  0.602665833333333        1.55962375000000      -0.597535049858094     
  0.602665833333333        2.07883166666667      -0.424250149161620     
  0.602665833333333        2.59803958333333      -0.321242528169548     
  0.602665833333333        3.11724750000000      -0.256524379370460     
  0.602665833333333        3.63645541666667      -0.212393170509533     
  0.602665833333333        4.15566333333333      -0.176773604348261     
  0.602665833333333        4.67487125000000      -0.148942041772823     
  0.602665833333333        5.19407916666667      -0.129988687936604     
  0.602665833333333        5.71328708333333      -0.111443723289318     
  0.602665833333333        6.23249500000000      -9.514239642846192E-002
  0.602665833333333        6.75170291666667      -8.171163395943924E-002
  0.602665833333333        7.27091083333333      -7.080407319471430E-002
  0.602665833333333        7.79011875000000      -6.162277414458114E-002
  0.602665833333333        8.30932666666667      -5.325073933659203E-002
  0.602665833333333        8.82853458333333      -4.551210307219841E-002
  0.602665833333333        9.34774250000000      -3.789834870254724E-002
  0.602665833333333        9.86695041666667      -3.124100178643015E-002
  0.602665833333333        10.3861583333333      -2.524660642413937E-002
  0.602665833333333        10.9053662500000      -1.976362146499229E-002
  0.602665833333333        11.4245741666667      -1.489604122450663E-002
  0.602665833333333        11.9437820833333      -1.055369131192790E-002
  0.602665833333333        12.4629900000000      -6.644361759395346E-003
  0.902998750000000       2.000000000000000E-003  -1.32372782362900     
  0.902998750000000       0.521207916666667       -1.09752296997355     
  0.902998750000000        1.04041583333333      -0.773296636107491     
  0.902998750000000        1.55962375000000      -0.544319550595529     
  0.902998750000000        2.07883166666667      -0.399628651528598     
  0.902998750000000        2.59803958333333      -0.308317045910163     
  0.902998750000000        3.11724750000000      -0.248832997335913     
  0.902998750000000        3.63645541666667      -0.206652663711172     
  0.902998750000000        4.15566333333333      -0.172753849588197     
  0.902998750000000        4.67487125000000      -0.146237446817538     
  0.902998750000000        5.19407916666667      -0.126742444466567     
  0.902998750000000        5.71328708333333      -0.109381921225082     
  0.902998750000000        6.23249500000000      -9.397394106688899E-002
  0.902998750000000        6.75170291666667      -8.095118573150013E-002
  0.902998750000000        7.27091083333333      -7.021660039520482E-002
  0.902998750000000        7.79011875000000      -6.109739448971809E-002
  0.902998750000000        8.30932666666667      -5.274628075311381E-002
  0.902998750000000        8.82853458333333      -4.490177315542202E-002
  0.902998750000000        9.34774250000000      -3.762083202614008E-002
  0.902998750000000        9.86695041666667      -3.102630877028650E-002
  0.902998750000000        10.3861583333333      -2.501704553546356E-002
  0.902998750000000        10.9053662500000      -1.959914620963618E-002
  0.902998750000000        11.4245741666667      -1.477062189023324E-002
  0.902998750000000        11.9437820833333      -1.042914864265147E-002
  0.902998750000000        12.4629900000000      -6.518882123515746E-003
   1.20333166666667       2.000000000000000E-003 -0.984588065142911     
   1.20333166666667       0.521207916666667      -0.863524200048021     
   1.20333166666667        1.04041583333333      -0.654190969883434     
   1.20333166666667        1.55962375000000      -0.485994592176626     
   1.20333166666667        2.07883166666667      -0.370366040680823     
   1.20333166666667        2.59803958333333      -0.292379044231341     
   1.20333166666667        3.11724750000000      -0.239274276028365     
   1.20333166666667        3.63645541666667      -0.200111682712191     
   1.20333166666667        4.15566333333333      -0.168505872462554     
   1.20333166666667        4.67487125000000      -0.143358739187440     
   1.20333166666667        5.19407916666667      -0.123877537207832     
   1.20333166666667        5.71328708333333      -0.107222716730177     
   1.20333166666667        6.23249500000000      -9.252193107610977E-002
   1.20333166666667        6.75170291666667      -7.992041867901337E-002
   1.20333166666667        7.27091083333333      -6.936113299322799E-002
   1.20333166666667        7.79011875000000      -6.028038717512087E-002
   1.20333166666667        8.30932666666667      -5.201248525902785E-002
   1.20333166666667        8.82853458333333      -4.427992275188191E-002
   1.20333166666667        9.34774250000000      -3.716604836328669E-002
   1.20333166666667        9.86695041666667      -3.064233355454511E-002
   1.20333166666667        10.3861583333333      -2.470790610904341E-002
   1.20333166666667        10.9053662500000      -1.937729853467296E-002
   1.20333166666667        11.4245741666667      -1.458853948462663E-002
   1.20333166666667        11.9437820833333      -1.024582313068059E-002
   1.20333166666667        12.4629900000000      -6.332443295714404E-003
   1.50366458333333       2.000000000000000E-003 -0.742940650811018     
   1.50366458333333       0.521207916666667      -0.677377935289365     
   1.50366458333333        1.04041583333333      -0.547665025317061     
   1.50366458333333        1.55962375000000      -0.429297328246572     
   1.50366458333333        2.07883166666667      -0.339518901616276     
   1.50366458333333        2.59803958333333      -0.274870408577319     
   1.50366458333333        3.11724750000000      -0.228480897155998     
   1.50366458333333        3.63645541666667      -0.192794606033428     
   1.50366458333333        4.15566333333333      -0.163588492173267     
   1.50366458333333        4.67487125000000      -0.139937793173846     
   1.50366458333333        5.19407916666667      -0.120991139321952     
   1.50366458333333        5.71328708333333      -0.104932144901680     
   1.50366458333333        6.23249500000000      -9.083741745361827E-002
   1.50366458333333        6.75170291666667      -7.865212905712039E-002
   1.50366458333333        7.27091083333333      -6.826343860212848E-002
   1.50366458333333        7.79011875000000      -5.921904129046882E-002
   1.50366458333333        8.30932666666667      -5.103879101093428E-002
   1.50366458333333        8.82853458333333      -4.347938891304558E-002
   1.50366458333333        9.34774250000000      -3.652105216971594E-002
   1.50366458333333        9.86695041666667      -3.013225934351870E-002
   1.50366458333333        10.3861583333333      -2.433017345493902E-002
   1.50366458333333        10.9053662500000      -1.909833470263705E-002
   1.50366458333333        11.4245741666667      -1.434928919339327E-002
   1.50366458333333        11.9437820833333      -1.000821181140199E-002
   1.50366458333333        12.4629900000000      -6.092300333287177E-003
   1.80399750000000       2.000000000000000E-003 -0.575849262785979     
   1.80399750000000       0.521207916666667      -0.539453555754424     
   1.80399750000000        1.04041583333333      -0.459938984897734     
   1.80399750000000        1.55962375000000      -0.378146196003251     
   1.80399750000000        2.07883166666667      -0.309532000282790     
   1.80399750000000        2.59803958333333      -0.256974686410960     
   1.80399750000000        3.11724750000000      -0.216960288810847     
   1.80399750000000        3.63645541666667      -0.184794257896142     
   1.80399750000000        4.15566333333333      -0.157979247372351     
   1.80399750000000        4.67487125000000      -0.135919673389923     
   1.80399750000000        5.19407916666667      -0.117849475599288     
   1.80399750000000        5.71328708333333      -0.102443575807048     
   1.80399750000000        6.23249500000000      -8.893293367693494E-002
   1.80399750000000        6.75170291666667      -7.716863393582953E-002
   1.80399750000000        7.27091083333333      -6.696832055126178E-002
   1.80399750000000        7.79011875000000      -5.799218389114837E-002
   1.80399750000000        8.30932666666667      -4.991287123243686E-002
   1.80399750000000        8.82853458333333      -4.253086435579348E-002
   1.80399750000000        9.34774250000000      -3.575295424093843E-002
   1.80399750000000        9.86695041666667      -2.953828844282064E-002
   1.80399750000000        10.3861583333333      -2.388956924071662E-002
   1.80399750000000        10.9053662500000      -1.875831699339543E-002
   1.80399750000000        11.4245741666667      -1.404920664231107E-002
   1.80399750000000        11.9437820833333      -9.721116114187293E-003
   1.80399750000000        12.4629900000000      -5.810330828107618E-003
   2.10433041666667       2.000000000000000E-003 -0.462705888426580     
   2.10433041666667       0.521207916666667      -0.441660705362188     
   2.10433041666667        1.04041583333333      -0.391564943257904     
   2.10433041666667        1.55962375000000      -0.333865782212292     
   2.10433041666667        2.07883166666667      -0.281899077292012     
   2.10433041666667        2.59803958333333      -0.239470011577700     
   2.10433041666667        3.11724750000000      -0.205082076788767     
   2.10433041666667        3.63645541666667      -0.176273263346084     
   2.10433041666667        4.15566333333333      -0.151841357243018     
   2.10433041666667        4.67487125000000      -0.131439647331416     
   2.10433041666667        5.19407916666667      -0.114392201956348     
   2.10433041666667        5.71328708333333      -9.971052576979739E-002
   2.10433041666667        6.23249500000000      -8.680503183510190E-002
   2.10433041666667        6.75170291666667      -7.548004541548789E-002
   2.10433041666667        7.27091083333333      -6.551766084264979E-002
   2.10433041666667        7.79011875000000      -5.666549462160926E-002
   2.10433041666667        8.30932666666667      -4.872003147269376E-002
   2.10433041666667        8.82853458333333      -4.151601210314082E-002
   2.10433041666667        9.34774250000000      -3.492451877401632E-002
   2.10433041666667        9.86695041666667      -2.888958429615392E-002
   2.10433041666667        10.3861583333333      -2.339102082906782E-002
   2.10433041666667        10.9053662500000      -1.835499425895570E-002
   2.10433041666667        11.4245741666667      -1.368636116229365E-002
   2.10433041666667        11.9437820833333      -9.387034594843227E-003
   2.10433041666667        12.4629900000000      -5.498406478155976E-003
   2.40466333333333       2.000000000000000E-003 -0.386440682840800     
   2.40466333333333       0.521207916666667      -0.372817749416937     
   2.40466333333333        1.04041583333333      -0.338391413841805     
   2.40466333333333        1.55962375000000      -0.296717063487758     
   2.40466333333333        2.07883166666667      -0.257155603122537     
   2.40466333333333        2.59803958333333      -0.222725511792255     
   2.40466333333333        3.11724750000000      -0.193100416917966     
   2.40466333333333        3.63645541666667      -0.167411310559219     
   2.40466333333333        4.15566333333333      -0.145312912856903     
   2.40466333333333        4.67487125000000      -0.126577635859826     
   2.40466333333333        5.19407916666667      -0.110615081409817     
   2.40466333333333        5.71328708333333      -9.671707805513112E-002
   2.40466333333333        6.23249500000000      -8.445369037873605E-002
   2.40466333333333        6.75170291666667      -7.360044356915961E-002
   2.40466333333333        7.27091083333333      -6.393545105754793E-002
   2.40466333333333        7.79011875000000      -5.527329412727103E-002
   2.40466333333333        8.30932666666667      -4.750025894372389E-002
   2.40466333333333        8.82853458333333      -4.047664652052722E-002
   2.40466333333333        9.34774250000000      -3.406579930492351E-002
   2.40466333333333        9.86695041666667      -2.820266554998438E-002
   2.40466333333333        10.3861583333333      -2.284290173440283E-002
   2.40466333333333        10.9053662500000      -1.788826688615311E-002
   2.40466333333333        11.4245741666667      -1.325944897223024E-002
   2.40466333333333        11.9437820833333      -9.005098034417210E-003
   2.40466333333333        12.4629900000000      -5.164283490253231E-003
   2.70499625000000       2.000000000000000E-003 -0.335214972617625     
   2.70499625000000       0.521207916666667      -0.323557785411085     
   2.70499625000000        1.04041583333333      -0.297029993517030     
   2.70499625000000        1.55962375000000      -0.265778238615378     
   2.70499625000000        2.07883166666667      -0.235110996404973     
   2.70499625000000        2.59803958333333      -0.206818264884834     
   2.70499625000000        3.11724750000000      -0.181201087060167     
   2.70499625000000        3.63645541666667      -0.158396316997789     
   2.70499625000000        4.15566333333333      -0.138532643117781     
   2.70499625000000        4.67487125000000      -0.121414349928922     
   2.70499625000000        5.19407916666667      -0.106552279409732     
   2.70499625000000        5.71328708333333      -9.348134402215590E-002
   2.70499625000000        6.23249500000000      -8.189423764958005E-002
   2.70499625000000        6.75170291666667      -7.154570153956907E-002
   2.70499625000000        7.27091083333333      -6.222608886306345E-002
   2.70499625000000        7.79011875000000      -5.382072751916765E-002
   2.70499625000000        8.30932666666667      -4.625750741988944E-002
   2.70499625000000        8.82853458333333      -3.941940547519512E-002
   2.70499625000000        9.34774250000000      -3.318450946594106E-002
   2.70499625000000        9.86695041666667      -2.748727251789903E-002
   2.70499625000000        10.3861583333333      -2.225431305398906E-002
   2.70499625000000        10.9053662500000      -1.736423824729024E-002
   2.70499625000000        11.4245741666667      -1.276699814005391E-002
   2.70499625000000        11.9437820833333      -8.562828458820912E-003
   2.70499625000000        12.4629900000000      -4.817375619354457E-003
   3.00532916666667       2.000000000000000E-003 -0.298613282379767     
   3.00532916666667       0.521207916666667      -0.286900654936233     
   3.00532916666667        1.04041583333333      -0.264037090761040     
   3.00532916666667        1.55962375000000      -0.239517882402687     
   3.00532916666667        2.07883166666667      -0.215234557327763     
   3.00532916666667        2.59803958333333      -0.191707212707156     
   3.00532916666667        3.11724750000000      -0.169543711368541     
   3.00532916666667        3.63645541666667      -0.149409690610753     
   3.00532916666667        4.15566333333333      -0.131635775895382     
   3.00532916666667        4.67487125000000      -0.116041064151734     
   3.00532916666667        5.19407916666667      -0.102267806341803     
   3.00532916666667        5.71328708333333      -9.004995848441232E-002
   3.00532916666667        6.23249500000000      -7.915854707429540E-002
   3.00532916666667        6.75170291666667      -6.933662696639095E-002
   3.00532916666667        7.27091083333333      -6.040191178996693E-002
   3.00532916666667        7.79011875000000      -5.229642317578444E-002
   3.00532916666667        8.30932666666667      -4.497473010569158E-002
   3.00532916666667        8.82853458333333      -3.833335829920666E-002
   3.00532916666667        9.34774250000000      -3.227706553887996E-002
   3.00532916666667        9.86695041666667      -2.674382293363750E-002
   3.00532916666667        10.3861583333333      -2.162834555108932E-002
   3.00532916666667        10.9053662500000      -1.679301936200635E-002
   3.00532916666667        11.4245741666667      -1.220729585115701E-002
   3.00532916666667        11.9437820833333      -8.039861467149250E-003
   3.00532916666667        12.4629900000000      -4.467523519683637E-003
   3.30566208333333       2.000000000000000E-003 -0.261797245598167     
   3.30566208333333       0.521207916666667      -0.252979959360698     
   3.30566208333333        1.04041583333333      -0.235457940477989     
   3.30566208333333        1.55962375000000      -0.216476346108882     
   3.30566208333333        2.07883166666667      -0.197040142867722     
   3.30566208333333        2.59803958333333      -0.177379855134035     
   3.30566208333333        3.11724750000000      -0.158278827936160     
   3.30566208333333        3.63645541666667      -0.140602222071708     
   3.30566208333333        4.15566333333333      -0.124735598599897     
   3.30566208333333        4.67487125000000      -0.110549285382650     
   3.30566208333333        5.19407916666667      -9.783974678205853E-002
   3.30566208333333        5.71328708333333      -8.648343253153461E-002
   3.30566208333333        6.23249500000000      -7.628749135132097E-002
   3.30566208333333        6.75170291666667      -6.699864567792162E-002
   3.30566208333333        7.27091083333333      -5.847685540049143E-002
   3.30566208333333        7.79011875000000      -5.070349333374000E-002
   3.30566208333333        8.30932666666667      -4.364159408494137E-002
   3.30566208333333        8.82853458333333      -3.720554453152443E-002
   3.30566208333333        9.34774250000000      -3.133288040494176E-002
   3.30566208333333        9.86695041666667      -2.596385618494829E-002
   3.30566208333333        10.3861583333333      -2.096452215834626E-002
   3.30566208333333        10.9053662500000      -1.618643977357095E-002
   3.30566208333333        11.4245741666667      -1.159514188407998E-002
   3.30566208333333        11.9437820833333      -7.451932546545375E-003
   3.30566208333333        12.4629900000000      -4.110468320900607E-003
   3.60599500000000       2.000000000000000E-003 -0.228120799209682     
   3.60599500000000       0.521207916666667      -0.219472693444195     
   3.60599500000000        1.04041583333333      -0.209359813803647     
   3.60599500000000        1.55962375000000      -0.195822755104815     
   3.60599500000000        2.07883166666667      -0.180306526895103     
   3.60599500000000        2.59803958333333      -0.163907343504801     
   3.60599500000000        3.11724750000000      -0.147538553688765     
   3.60599500000000        3.63645541666667      -0.132076380941923     
   3.60599500000000        4.15566333333333      -0.117913432010793     
   3.60599500000000        4.67487125000000      -0.105020621061028     
   3.60599500000000        5.19407916666667      -9.334419296205115E-002
   3.60599500000000        5.71328708333333      -8.283920797324842E-002
   3.60599500000000        6.23249500000000      -7.332001499796631E-002
   3.60599500000000        6.75170291666667      -6.455850118431071E-002
   3.60599500000000        7.27091083333333      -5.646726460892900E-002
   3.60599500000000        7.79011875000000      -4.904873893215485E-002
   3.60599500000000        8.30932666666667      -4.226008661585032E-002
   3.60599500000000        8.82853458333333      -3.603471083502281E-002
   3.60599500000000        9.34774250000000      -3.034514622849509E-002
   3.60599500000000        9.86695041666667      -2.513667020436337E-002
   3.60599500000000        10.3861583333333      -2.025800965399415E-002
   3.60599500000000        10.9053662500000      -1.555759998078418E-002
   3.60599500000000        11.4245741666667      -1.099006732648781E-002
   3.60599500000000        11.9437820833333      -6.857039703580774E-003
   3.60599500000000        12.4629900000000      -3.712817004367979E-003
   3.90632791666667       2.000000000000000E-003 -0.199962618478732     
   3.90632791666667       0.521207916666667      -0.192725495734635     
   3.90632791666667        1.04041583333333      -0.186820429264416     
   3.90632791666667        1.55962375000000      -0.177442932065307     
   3.90632791666667        2.07883166666667      -0.165057170369053     
   3.90632791666667        2.59803958333333      -0.151402551828270     
   3.90632791666667        3.11724750000000      -0.137412544064320     
   3.90632791666667        3.63645541666667      -0.123886889174553     
   3.90632791666667        4.15566333333333      -0.111226732019234     
   3.90632791666667        4.67487125000000      -9.952673363366171E-002
   3.90632791666667        5.19407916666667      -8.884557759518778E-002
   3.90632791666667        5.71328708333333      -7.916041029834657E-002
   3.90632791666667        6.23249500000000      -7.028553145892927E-002
   3.90632791666667        6.75170291666667      -6.204093499678476E-002
   3.90632791666667        7.27091083333333      -5.439181022353985E-002
   3.90632791666667        7.79011875000000      -4.734223936596456E-002
   3.90632791666667        8.30932666666667      -4.083486259721515E-002
   3.90632791666667        8.82853458333333      -3.482246271994229E-002
   3.90632791666667        9.34774250000000      -2.931068968342083E-002
   3.90632791666667        9.86695041666667      -2.425517715866399E-002
   3.90632791666667        10.3861583333333      -1.950447113577038E-002
   3.90632791666667        10.9053662500000      -1.491561845906426E-002
   3.90632791666667        11.4245741666667      -1.044834465163648E-002
   3.90632791666667        11.9437820833333      -6.358798155833827E-003
   3.90632791666667        12.4629900000000      -3.251864429339539E-003
   4.20666083333333       2.000000000000000E-003 -0.177506167250645     
   4.20666083333333       0.521207916666667      -0.173553900588833     
   4.20666083333333        1.04041583333333      -0.168741541054258     
   4.20666083333333        1.55962375000000      -0.161426605561374     
   4.20666083333333        2.07883166666667      -0.151367002452734     
   4.20666083333333        2.59803958333333      -0.139933603853484     
   4.20666083333333        3.11724750000000      -0.127932185007445     
   4.20666083333333        3.63645541666667      -0.116058716633637     
   4.20666083333333        4.15566333333333      -0.104727453757895     
   4.20666083333333        4.67487125000000      -9.413461947953741E-002
   4.20666083333333        5.19407916666667      -8.439427055963873E-002
   4.20666083333333        5.71328708333333      -7.547351294851863E-002
   4.20666083333333        6.23249500000000      -6.720298292818268E-002
   4.20666083333333        6.75170291666667      -5.946780779086896E-002
   4.20666083333333        7.27091083333333      -5.227084809215354E-002
   4.20666083333333        7.79011875000000      -4.559801518746771E-002
   4.20666083333333        8.30932666666667      -3.937544349418525E-002
   4.20666083333333        8.82853458333333      -3.357650540837642E-002
   4.20666083333333        9.34774250000000      -2.823554896987697E-002
   4.20666083333333        9.86695041666667      -2.332297718143245E-002
   4.20666083333333        10.3861583333333      -1.870510190166961E-002
   4.20666083333333        10.9053662500000      -1.425965218862228E-002
   4.20666083333333        11.4245741666667      -9.965270119549667E-003
   4.20666083333333        11.9437820833333      -6.000261671493133E-003
   4.20666083333333        12.4629900000000      -2.778443781937713E-003
   4.50699375000000       2.000000000000000E-003 -0.161535465673355     
   4.50699375000000       0.521207916666667      -0.158775637135181     
   4.50699375000000        1.04041583333333      -0.154030243382635     
   4.50699375000000        1.55962375000000      -0.147581894763265     
   4.50699375000000        2.07883166666667      -0.139173481338901     
   4.50699375000000        2.59803958333333      -0.129464331956999     
   4.50699375000000        3.11724750000000      -0.119078352153545     
   4.50699375000000        3.63645541666667      -0.108610920261729     
   4.50699375000000        4.15566333333333      -9.847350909499357E-002
   4.50699375000000        4.67487125000000      -8.890698340969692E-002
   4.50699375000000        5.19407916666667      -8.002757779195253E-002
   4.50699375000000        5.71328708333333      -7.179383589004573E-002
   4.50699375000000        6.23249500000000      -6.408626840987065E-002
   4.50699375000000        6.75170291666667      -5.685980960422434E-002
   4.50699375000000        7.27091083333333      -5.012587454615454E-002
   4.50699375000000        7.79011875000000      -4.383387682350965E-002
   4.50699375000000        8.30932666666667      -3.789670055525329E-002
   4.50699375000000        8.82853458333333      -3.231047493963084E-002
   4.50699375000000        9.34774250000000      -2.713442958019297E-002
   4.50699375000000        9.86695041666667      -2.235524420183255E-002
   4.50699375000000        10.3861583333333      -1.786804699146787E-002
   4.50699375000000        10.9053662500000      -1.358147162097713E-002
   4.50699375000000        11.4245741666667      -9.483256405967245E-003
   4.50699375000000        11.9437820833333      -5.676166872468447E-003
   4.50699375000000        12.4629900000000      -2.375439998877102E-003
   4.80732666666667       2.000000000000000E-003 -0.147651256150041     
   4.80732666666667       0.521207916666667      -0.145433159455532     
   4.80732666666667        1.04041583333333      -0.141129991639259     
   4.80732666666667        1.55962375000000      -0.135432910557690     
   4.80732666666667        2.07883166666667      -0.128233901225565     
   4.80732666666667        2.59803958333333      -0.119864639444671     
   4.80732666666667        3.11724750000000      -0.110807525223844     
   4.80732666666667        3.63645541666667      -0.101568424994756     
   4.80732666666667        4.15566333333333      -9.252335787776109E-002
   4.80732666666667        4.67487125000000      -8.389496368067577E-002
   4.80732666666667        5.19407916666667      -7.577199484012080E-002
   4.80732666666667        5.71328708333333      -6.813500672282144E-002
   4.80732666666667        6.23249500000000      -6.095252819061529E-002
   4.80732666666667        6.75170291666667      -5.423915175067991E-002
   4.80732666666667        7.27091083333333      -4.797872268181070E-002
   4.80732666666667        7.79011875000000      -4.207292281556132E-002
   4.80732666666667        8.30932666666667      -3.642677628466522E-002
   4.80732666666667        8.82853458333333      -3.104478971687243E-002
   4.80732666666667        9.34774250000000      -2.602124588678280E-002
   4.80732666666667        9.86695041666667      -2.136763556034532E-002
   4.80732666666667        10.3861583333333      -1.700495406292731E-002
   4.80732666666667        10.9053662500000      -1.287253377847537E-002
   4.80732666666667        11.4245741666667      -8.955564674665798E-003
   4.80732666666667        11.9437820833333      -5.301301558834048E-003
   4.80732666666667        12.4629900000000      -1.999005385796504E-003
   5.10765958333333       2.000000000000000E-003 -0.134357044458127     
   5.10765958333333       0.521207916666667      -0.132948934871997     
   5.10765958333333        1.04041583333333      -0.129393063341559     
   5.10765958333333        1.55962375000000      -0.124440738015568     
   5.10765958333333        2.07883166666667      -0.118230697698606     
   5.10765958333333        2.59803958333333      -0.110978964028904     
   5.10765958333333        3.11724750000000      -0.103079317869653     
   5.10765958333333        3.63645541666667      -9.495623981907192E-002
   5.10765958333333        4.15566333333333      -8.691972932711084E-002
   5.10765958333333        4.67487125000000      -7.913057806306087E-002
   5.10765958333333        5.19407916666667      -7.164794795514225E-002
   5.10765958333333        5.71328708333333      -6.451866492624597E-002
   5.10765958333333        6.23249500000000      -5.782848633581842E-002
   5.10765958333333        6.75170291666667      -5.163044465684755E-002
   5.10765958333333        7.27091083333333      -4.585055991120358E-002
   5.10765958333333        7.79011875000000      -4.035596209739853E-002
   5.10765958333333        8.30932666666667      -3.499773243716593E-002
   5.10765958333333        8.82853458333333      -2.980446203448502E-002
   5.10765958333333        9.34774250000000      -2.491760307497145E-002
   5.10765958333333        9.86695041666667      -2.037147548552390E-002
   5.10765958333333        10.3861583333333      -1.611933385737850E-002
   5.10765958333333        10.9053662500000      -1.212634380020327E-002
   5.10765958333333        11.4245741666667      -8.370410553841710E-003
   5.10765958333333        11.9437820833333      -4.850704684086852E-003
   5.10765958333333        12.4629900000000      -1.611336452275154E-003
   5.40799250000000       2.000000000000000E-003 -0.121062990525986     
   5.40799250000000       0.521207916666667      -0.120552933205669     
   5.40799250000000        1.04041583333333      -0.118328038987830     
   5.40799250000000        1.55962375000000      -0.114203033092034     
   5.40799250000000        2.07883166666667      -0.108920013041638     
   5.40799250000000        2.59803958333333      -0.102699310279189     
   5.40799250000000        3.11724750000000      -9.587134690706733E-002
   5.40799250000000        3.63645541666667      -8.878644127738737E-002
   5.40799250000000        4.15566333333333      -8.167825309156032E-002
   5.40799250000000        4.67487125000000      -7.462844755728214E-002
   5.40799250000000        5.19407916666667      -6.767802479060037E-002
   5.40799250000000        5.71328708333333      -6.098040486797950E-002
   5.40799250000000        6.23249500000000      -5.475156851039768E-002
   5.40799250000000        6.75170291666667      -4.905780603664864E-002
   5.40799250000000        7.27091083333333      -4.377484223349561E-002
   5.40799250000000        7.79011875000000      -3.870389358922900E-002
   5.40799250000000        8.30932666666667      -3.362569412790917E-002
   5.40799250000000        8.82853458333333      -2.860726300981395E-002
   5.40799250000000        9.34774250000000      -2.384523604426313E-002
   5.40799250000000        9.86695041666667      -1.938224916966428E-002
   5.40799250000000        10.3861583333333      -1.521100114892122E-002
   5.40799250000000        10.9053662500000      -1.133695966102868E-002
   5.40799250000000        11.4245741666667      -7.727695276706320E-003
   5.40799250000000        11.9437820833333      -4.339196793376115E-003
   5.40799250000000        12.4629900000000      -1.195791770849883E-003
   5.70832541666667       2.000000000000000E-003 -0.106689277274408     
   5.70832541666667       0.521207916666667      -0.107571731548595     
   5.70832541666667        1.04041583333333      -0.107405519073216     
   5.70832541666667        1.55962375000000      -0.104550428369518     
   5.70832541666667        2.07883166666667      -0.100211846222436     
   5.70832541666667        2.59803958333333      -9.499248202000347E-002
   5.70832541666667        3.11724750000000      -8.917454870001383E-002
   5.70832541666667        3.63645541666667      -8.304957541157122E-002
   5.70832541666667        4.15566333333333      -7.679298213410199E-002
   5.70832541666667        4.67487125000000      -7.040153170512287E-002
   5.70832541666667        5.19407916666667      -6.389573541743609E-002
   5.70832541666667        5.71328708333333      -5.756878468794962E-002
   5.70832541666667        6.23249500000000      -5.176460452902738E-002
   5.70832541666667        6.75170291666667      -4.654184384425249E-002
   5.70832541666667        7.27091083333333      -4.176286404244909E-002
   5.70832541666667        7.79011875000000      -3.711437619786932E-002
   5.70832541666667        8.30932666666667      -3.230365731822065E-002
   5.70832541666667        8.82853458333333      -2.745173543791533E-002
   5.70832541666667        9.34774250000000      -2.281203612574385E-002
   5.70832541666667        9.86695041666667      -1.840684171650114E-002
   5.70832541666667        10.3861583333333      -1.428078034407557E-002
   5.70832541666667        10.9053662500000      -1.050284504566150E-002
   5.70832541666667        11.4245741666667      -7.033502065393882E-003
   5.70832541666667        11.9437820833333      -3.782749280027606E-003
   5.70832541666667        12.4629900000000      -7.556047685076158E-004
   6.00865833333333       2.000000000000000E-003 -9.114204981821927E-002
   6.00865833333333       0.521207916666667      -9.443869582682782E-002
   6.00865833333333        1.04041583333333      -9.698940902303781E-002
   6.00865833333333        1.55962375000000      -9.551992360025870E-002
   6.00865833333333        2.07883166666667      -9.214051412709579E-002
   6.00865833333333        2.59803958333333      -8.787119352254823E-002
   6.00865833333333        3.11724750000000      -8.297612009064763E-002
   6.00865833333333        3.63645541666667      -7.771559598324514E-002
   6.00865833333333        4.15566333333333      -7.225775765339351E-002
   6.00865833333333        4.67487125000000      -6.648934780143996E-002
   6.00865833333333        5.19407916666667      -6.034806897654101E-002
   6.00865833333333        5.71328708333333      -5.433554982058402E-002
   6.00865833333333        6.23249500000000      -4.890693127332241E-002
   6.00865833333333        6.75170291666667      -4.411007291800278E-002
   6.00865833333333        7.27091083333333      -3.980776476955525E-002
   6.00865833333333        7.79011875000000      -3.556307414128253E-002
   6.00865833333333        8.30932666666667      -3.099844409984732E-002
   6.00865833333333        8.82853458333333      -2.631463653598438E-002
   6.00865833333333        9.34774250000000      -2.179144877249104E-002
   6.00865833333333        9.86695041666667      -1.743587456085620E-002
   6.00865833333333        10.3861583333333      -1.333272597819347E-002
   6.00865833333333        10.9053662500000      -9.631420012334092E-003
   6.00865833333333        11.4245741666667      -6.299532898316241E-003
   6.00865833333333        11.9437820833333      -3.196299962838162E-003
   6.00865833333333        12.4629900000000      -2.943161438518293E-004
   6.30899125000000       2.000000000000000E-003 -7.511495491211288E-002
   6.30899125000000       0.521207916666667      -8.257335326439165E-002
   6.30899125000000        1.04041583333333      -8.775343717001029E-002
   6.30899125000000        1.55962375000000      -8.731094979516474E-002
   6.30899125000000        2.07883166666667      -8.476796218999787E-002
   6.30899125000000        2.59803958333333      -8.134198523849445E-002
   6.30899125000000        3.11724750000000      -7.724611428829178E-002
   6.30899125000000        3.63645541666667      -7.273942424018108E-002
   6.30899125000000        4.15566333333333      -6.806263321410780E-002
   6.30899125000000        4.67487125000000      -6.292130640755825E-002
   6.30899125000000        5.19407916666667      -5.708449783422906E-002
   6.30899125000000        5.71328708333333      -5.131949445077304E-002
   6.30899125000000        6.23249500000000      -4.620687426031062E-002
   6.30899125000000        6.75170291666667      -4.178097460858416E-002
   6.30899125000000        7.27091083333333      -3.789784013118495E-002
   6.30899125000000        7.79011875000000      -3.401532412568880E-002
   6.30899125000000        8.30932666666667      -2.968450188197102E-002
   6.30899125000000        8.82853458333333      -2.520752482918345E-002
   6.30899125000000        9.34774250000000      -2.071674571203598E-002
   6.30899125000000        9.86695041666667      -1.644269112168036E-002
   6.30899125000000        10.3861583333333      -1.237963082841492E-002
   6.30899125000000        10.9053662500000      -8.742015036728269E-003
   6.30899125000000        11.4245741666667      -5.544914786417246E-003
   6.30899125000000        11.9437820833333      -2.592955344474287E-003
   6.30899125000000        12.4629900000000       1.856964931120050E-004
   6.60932416666667       2.000000000000000E-003 -6.074028002623025E-002
   6.60932416666667       0.521207916666667      -7.427095432876962E-002
   6.60932416666667        1.04041583333333      -8.001304195871549E-002
   6.60932416666667        1.55962375000000      -7.997657735163402E-002
   6.60932416666667        2.07883166666667      -7.810160253182957E-002
   6.60932416666667        2.59803958333333      -7.537458246809112E-002
   6.60932416666667        3.11724750000000      -7.194048895389331E-002
   6.60932416666667        3.63645541666667      -6.805918007711395E-002
   6.60932416666667        4.15566333333333      -6.409213185333733E-002
   6.60932416666667        4.67487125000000      -5.956991900080292E-002
   6.60932416666667        5.19407916666667      -5.411608259120576E-002
   6.60932416666667        5.71328708333333      -4.853258346181389E-002
   6.60932416666667        6.23249500000000      -4.367937257955128E-002
   6.60932416666667        6.75170291666667      -3.956140004030384E-002
   6.60932416666667        7.27091083333333      -3.602840516918487E-002
   6.60932416666667        7.79011875000000      -3.244940523319209E-002
   6.60932416666667        8.30932666666667      -2.839264640199383E-002
   6.60932416666667        8.82853458333333      -2.424197971329297E-002
   6.60932416666667        9.34774250000000      -1.953587613794985E-002
   6.60932416666667        9.86695041666667      -1.539441075499402E-002
   6.60932416666667        10.3861583333333      -1.144426421501477E-002
   6.60932416666667        10.9053662500000      -7.863686183438695E-003
   6.60932416666667        11.4245741666667      -4.791382127928800E-003
   6.60932416666667        11.9437820833333      -1.982307635445196E-003
   6.60932416666667        12.4629900000000       6.838963525417994E-004
   6.90965708333333       2.000000000000000E-003 -5.349877030789279E-002
   6.90965708333333       0.521207916666667      -6.963674226779128E-002
   6.90965708333333        1.04041583333333      -7.326147983783145E-002
   6.90965708333333        1.55962375000000      -7.337509654793946E-002
   6.90965708333333        2.07883166666667      -7.206541673256439E-002
   6.90965708333333        2.59803958333333      -6.991199249434264E-002
   6.90965708333333        3.11724750000000      -6.701985432731168E-002
   6.90965708333333        3.63645541666667      -6.359394857577523E-002
   6.90965708333333        4.15566333333333      -6.014054622708218E-002
   6.90965708333333        4.67487125000000      -5.614833589883231E-002
   6.90965708333333        5.19407916666667      -5.138862615757914E-002
   6.90965708333333        5.71328708333333      -4.596304515531827E-002
   6.90965708333333        6.23249500000000      -4.132780901788415E-002
   6.90965708333333        6.75170291666667      -3.746541283258579E-002
   6.90965708333333        7.27091083333333      -3.421000349425091E-002
   6.90965708333333        7.79011875000000      -3.087160881173801E-002
   6.90965708333333        8.30932666666667      -2.711923116989632E-002
   6.90965708333333        8.82853458333333      -2.317529732670025E-002
   6.90965708333333        9.34774250000000      -1.827687136546969E-002
   6.90965708333333        9.86695041666667      -1.425916332844827E-002
   6.90965708333333        10.3861583333333      -1.054565040051708E-002
   6.90965708333333        10.9053662500000      -7.024092709149482E-003
   6.90965708333333        11.4245741666667      -4.059520414889046E-003
   6.90965708333333        11.9437820833333      -1.370987190380972E-003
   6.90965708333333        12.4629900000000       1.200545069467778E-003
   7.20999000000000       2.000000000000000E-003 -5.344197167722691E-002
   7.20999000000000       0.521207916666667      -6.359453632021517E-002
   7.20999000000000        1.04041583333333      -6.695061405605524E-002
   7.20999000000000        1.55962375000000      -6.736724963687044E-002
   7.20999000000000        2.07883166666667      -6.655795057529522E-002
   7.20999000000000        2.59803958333333      -6.490369208929155E-002
   7.20999000000000        3.11724750000000      -6.246954039461912E-002
   7.20999000000000        3.63645541666667      -5.934156096615578E-002
   7.20999000000000        4.15566333333333      -5.609297805434470E-002
   7.20999000000000        4.67487125000000      -5.286550305771808E-002
   7.20999000000000        5.19407916666667      -4.881968086173996E-002
   7.20999000000000        5.71328708333333      -4.358203848333651E-002
   7.20999000000000        6.23249500000000      -3.914573062345692E-002
   7.20999000000000        6.75170291666667      -3.550520577791479E-002
   7.20999000000000        7.27091083333333      -3.246090125005172E-002
   7.20999000000000        7.79011875000000      -2.930216984333872E-002
   7.20999000000000        8.30932666666667      -2.577729074617126E-002
   7.20999000000000        8.82853458333333      -2.200764623055904E-002
   7.20999000000000        9.34774250000000      -1.699981080505485E-002
   7.20999000000000        9.86695041666667      -1.314991674168305E-002
   7.20999000000000        10.3861583333333      -9.684892658465906E-003
   7.20999000000000        10.9053662500000      -6.240149426927600E-003
   7.20999000000000        11.4245741666667      -3.365085222153631E-003
   7.20999000000000        11.9437820833333      -7.641708730998405E-004
   7.20999000000000        12.4629900000000       1.735455623250400E-003
