  2.000000000000000E-003  2.000000000000000E-003 -0.228120799209682     
  2.000000000000000E-003  0.521207916666667      -0.210150460463040     
  2.000000000000000E-003   1.04041583333333      -0.189101815579185     
  2.000000000000000E-003   1.55962375000000      -0.171649862088094     
  2.000000000000000E-003   2.07883166666667      -0.156252554015488     
  2.000000000000000E-003   2.59803958333333      -0.141620179173513     
  2.000000000000000E-003   3.11724750000000      -0.127458530478521     
  2.000000000000000E-003   3.63645541666667      -0.113395637202591     
  2.000000000000000E-003   4.15566333333333      -0.101390703294012     
  2.000000000000000E-003   4.67487125000000      -9.204717517534879E-002
  2.000000000000000E-003   5.19407916666667      -8.203285916227697E-002
  2.000000000000000E-003   5.71328708333333      -7.018484244712885E-002
  2.000000000000000E-003   6.23249500000000      -6.084596726375360E-002
  2.000000000000000E-003   6.75170291666667      -5.387028366090896E-002
  2.000000000000000E-003   7.27091083333333      -4.879634410129806E-002
  2.000000000000000E-003   7.79011875000000      -4.395183031050382E-002
  2.000000000000000E-003   8.30932666666667      -3.853173141276860E-002
  2.000000000000000E-003   8.82853458333333      -3.300780678405338E-002
  2.000000000000000E-003   9.34774250000000      -2.532374051840104E-002
  2.000000000000000E-003   9.86695041666667      -2.015074238445099E-002
  2.000000000000000E-003   10.3861583333333      -1.583770543676070E-002
  2.000000000000000E-003   10.9053662500000      -1.138440876603526E-002
  2.000000000000000E-003   11.4245741666667      -7.954849798971209E-003
  2.000000000000000E-003   11.9437820833333      -4.989039101828044E-003
  2.000000000000000E-003   12.4629900000000      -2.130991468619418E-003
  0.302332916666667       2.000000000000000E-003 -0.272051487087805     
  0.302332916666667       0.521207916666667      -0.226870843392413     
  0.302332916666667        1.04041583333333      -0.206236438518687     
  0.302332916666667        1.55962375000000      -0.187547572074692     
  0.302332916666667        2.07883166666667      -0.169723858319260     
  0.302332916666667        2.59803958333333      -0.152443440388409     
  0.302332916666667        3.11724750000000      -0.135963987257002     
  0.302332916666667        3.63645541666667      -0.119691267292007     
  0.302332916666667        4.15566333333333      -0.104879664362665     
  0.302332916666667        4.67487125000000      -9.630566036585265E-002
  0.302332916666667        5.19407916666667      -8.583374095071696E-002
  0.302332916666667        5.71328708333333      -7.343384411571749E-002
  0.302332916666667        6.23249500000000      -6.361567050148109E-002
  0.302332916666667        6.75170291666667      -5.625015984778029E-002
  0.302332916666667        7.27091083333333      -5.073117770351421E-002
  0.302332916666667        7.79011875000000      -4.543058094394485E-002
  0.302332916666667        8.30932666666667      -3.969760710746327E-002
  0.302332916666667        8.82853458333333      -3.399591370426153E-002
  0.302332916666667        9.34774250000000      -2.653425786852212E-002
  0.302332916666667        9.86695041666667      -2.116153802743744E-002
  0.302332916666667        10.3861583333333      -1.652079457026195E-002
  0.302332916666667        10.9053662500000      -1.196153400322387E-002
  0.302332916666667        11.4245741666667      -8.441646022121890E-003
  0.302332916666667        11.9437820833333      -5.408932946708954E-003
  0.302332916666667        12.4629900000000      -2.514029186367206E-003
  0.602665833333333       2.000000000000000E-003 -0.299076954920454     
  0.602665833333333       0.521207916666667      -0.253314228270661     
  0.602665833333333        1.04041583333333      -0.224667312402051     
  0.602665833333333        1.55962375000000      -0.204009172656802     
  0.602665833333333        2.07883166666667      -0.183726855912042     
  0.602665833333333        2.59803958333333      -0.163914185761682     
  0.602665833333333        3.11724750000000      -0.145090138544381     
  0.602665833333333        3.63645541666667      -0.127040765597331     
  0.602665833333333        4.15566333333333      -0.110607263446974     
  0.602665833333333        4.67487125000000      -9.974964312316625E-002
  0.602665833333333        5.19407916666667      -8.878313123979338E-002
  0.602665833333333        5.71328708333333      -7.638608951743277E-002
  0.602665833333333        6.23249500000000      -6.631332243194352E-002
  0.602665833333333        6.75170291666667      -5.856654560056530E-002
  0.602665833333333        7.27091083333333      -5.255103600457169E-002
  0.602665833333333        7.79011875000000      -4.676746679531366E-002
  0.602665833333333        8.30932666666667      -4.055453483153476E-002
  0.602665833333333        8.82853458333333      -3.467464759544836E-002
  0.602665833333333        9.34774250000000      -2.794377393657073E-002
  0.602665833333333        9.86695041666667      -2.234602540582416E-002
  0.602665833333333        10.3861583333333      -1.724497329212049E-002
  0.602665833333333        10.9053662500000      -1.264188827523499E-002
  0.602665833333333        11.4245741666667      -9.006845281123374E-003
  0.602665833333333        11.9437820833333      -5.857906962308810E-003
  0.602665833333333        12.4629900000000      -2.899644896053867E-003
  0.902998750000000       2.000000000000000E-003 -0.304305871118789     
  0.902998750000000       0.521207916666667      -0.276529850010651     
  0.902998750000000        1.04041583333333      -0.245736314685051     
  0.902998750000000        1.55962375000000      -0.221398142353376     
  0.902998750000000        2.07883166666667      -0.197930166026480     
  0.902998750000000        2.59803958333333      -0.175628842990036     
  0.902998750000000        3.11724750000000      -0.154569746156084     
  0.902998750000000        3.63645541666667      -0.134857575598951     
  0.902998750000000        4.15566333333333      -0.117423496312468     
  0.902998750000000        4.67487125000000      -0.104048399734715     
  0.902998750000000        5.19407916666667      -9.171492704178950E-002
  0.902998750000000        5.71328708333333      -7.923545371817917E-002
  0.902998750000000        6.23249500000000      -6.890846462603981E-002
  0.902998750000000        6.75170291666667      -6.074598819501335E-002
  0.902998750000000        7.27091083333333      -5.418780456590892E-002
  0.902998750000000        7.79011875000000      -4.793418057742744E-002
  0.902998750000000        8.30932666666667      -4.135977242045327E-002
  0.902998750000000        8.82853458333333      -3.509252252856018E-002
  0.902998750000000        9.34774250000000      -2.894151460986012E-002
  0.902998750000000        9.86695041666667      -2.326468153349805E-002
  0.902998750000000        10.3861583333333      -1.799909788679035E-002
  0.902998750000000        10.9053662500000      -1.339978661333496E-002
  0.902998750000000        11.4245741666667      -9.626680789083804E-003
  0.902998750000000        11.9437820833333      -6.324435427249946E-003
  0.902998750000000        12.4629900000000      -3.277891524987091E-003
   1.20333166666667       2.000000000000000E-003 -0.321643519331318     
   1.20333166666667       0.521207916666667      -0.303435986348360     
   1.20333166666667        1.04041583333333      -0.271894337180564     
   1.20333166666667        1.55962375000000      -0.241161076664190     
   1.20333166666667        2.07883166666667      -0.212605011242929     
   1.20333166666667        2.59803958333333      -0.187162893688451     
   1.20333166666667        3.11724750000000      -0.163950687139930     
   1.20333166666667        3.63645541666667      -0.142468923629901     
   1.20333166666667        4.15566333333333      -0.123891119901864     
   1.20333166666667        4.67487125000000      -0.108676058422392     
   1.20333166666667        5.19407916666667      -9.498631556301521E-002
   1.20333166666667        5.71328708333333      -8.210527379856206E-002
   1.20333166666667        6.23249500000000      -7.138456742556760E-002
   1.20333166666667        6.75170291666667      -6.275895630556406E-002
   1.20333166666667        7.27091083333333      -5.562057985403073E-002
   1.20333166666667        7.79011875000000      -4.891700155447246E-002
   1.20333166666667        8.30932666666667      -4.216609530944442E-002
   1.20333166666667        8.82853458333333      -3.573601034299809E-002
   1.20333166666667        9.34774250000000      -2.968944714543335E-002
   1.20333166666667        9.86695041666667      -2.398597661005296E-002
   1.20333166666667        10.3861583333333      -1.876112427583828E-002
   1.20333166666667        10.9053662500000      -1.418694616304682E-002
   1.20333166666667        11.4245741666667      -1.026616579094392E-002
   1.20333166666667        11.9437820833333      -6.798791565429424E-003
   1.20333166666667        12.4629900000000      -3.642656986500454E-003
   1.50366458333333       2.000000000000000E-003 -0.365183583857819     
   1.50366458333333       0.521207916666667      -0.347499624232352     
   1.50366458333333        1.04041583333333      -0.308442988995052     
   1.50366458333333        1.55962375000000      -0.265956862981323     
   1.50366458333333        2.07883166666667      -0.228394910720760     
   1.50366458333333        2.59803958333333      -0.198245906847147     
   1.50366458333333        3.11724750000000      -0.172754102952169     
   1.50366458333333        3.63645541666667      -0.149564775689800     
   1.50366458333333        4.15566333333333      -0.129538858236801     
   1.50366458333333        4.67487125000000      -0.113015039024194     
   1.50366458333333        5.19407916666667      -9.835014823059410E-002
   1.50366458333333        5.71328708333333      -8.492887073203575E-002
   1.50366458333333        6.23249500000000      -7.371528530849007E-002
   1.50366458333333        6.75170291666667      -6.461655002198033E-002
   1.50366458333333        7.27091083333333      -5.687829779841722E-002
   1.50366458333333        7.79011875000000      -4.973549645464521E-002
   1.50366458333333        8.30932666666667      -4.285372237264447E-002
   1.50366458333333        8.82853458333333      -3.635453287336093E-002
   1.50366458333333        9.34774250000000      -3.026393164418610E-002
   1.50366458333333        9.86695041666667      -2.459381550660083E-002
   1.50366458333333        10.3861583333333      -1.948583344035183E-002
   1.50366458333333        10.9053662500000      -1.494236397494587E-002
   1.50366458333333        11.4245741666667      -1.088480996857527E-002
   1.50366458333333        11.9437820833333      -7.268242266140736E-003
   1.50366458333333        12.4629900000000      -3.991557076703130E-003
   1.80399750000000       2.000000000000000E-003 -0.444690238567992     
   1.80399750000000       0.521207916666667      -0.419664185619918     
   1.80399750000000        1.04041583333333      -0.361619760570275     
   1.80399750000000        1.55962375000000      -0.298449876615443     
   1.80399750000000        2.07883166666667      -0.246012382646623     
   1.80399750000000        2.59803958333333      -0.208844243882342     
   1.80399750000000        3.11724750000000      -0.180617182848129     
   1.80399750000000        3.63645541666667      -0.155866224245699     
   1.80399750000000        4.15566333333333      -0.134416549564669     
   1.80399750000000        4.67487125000000      -0.116788786111256     
   1.80399750000000        5.19407916666667      -0.101464919305646     
   1.80399750000000        5.71328708333333      -8.757393291308518E-002
   1.80399750000000        6.23249500000000      -7.585985594146355E-002
   1.80399750000000        6.75170291666667      -6.631434587199136E-002
   1.80399750000000        7.27091083333333      -5.800644233037335E-002
   1.80399750000000        7.79011875000000      -5.043703885854169E-002
   1.80399750000000        8.30932666666667      -4.340404812213805E-002
   1.80399750000000        8.82853458333333      -3.685650307944568E-002
   1.80399750000000        9.34774250000000      -3.072884684058657E-002
   1.80399750000000        9.86695041666667      -2.511982280666055E-002
   1.80399750000000        10.3861583333333      -2.013230952128821E-002
   1.80399750000000        10.9053662500000      -1.561657154460139E-002
   1.80399750000000        11.4245741666667      -1.145205526307210E-002
   1.80399750000000        11.9437820833333      -7.711073140883163E-003
   1.80399750000000        12.4629900000000      -4.321871790007190E-003
   2.10433041666667       2.000000000000000E-003 -0.572844192686768     
   2.10433041666667       0.521207916666667      -0.530192911090675     
   2.10433041666667        1.04041583333333      -0.435716888264577     
   2.10433041666667        1.55962375000000      -0.338863285425115     
   2.10433041666667        2.07883166666667      -0.265921601935482     
   2.10433041666667        2.59803958333333      -0.219076186290063     
   2.10433041666667        3.11724750000000      -0.187364524849342     
   2.10433041666667        3.63645541666667      -0.161179664491302     
   2.10433041666667        4.15566333333333      -0.138515648912330     
   2.10433041666667        4.67487125000000      -0.119954013742690     
   2.10433041666667        5.19407916666667      -0.104155233490490     
   2.10433041666667        5.71328708333333      -8.992249166890016E-002
   2.10433041666667        6.23249500000000      -7.776950266698809E-002
   2.10433041666667        6.75170291666667      -6.779691441485969E-002
   2.10433041666667        7.27091083333333      -5.903805877336800E-002
   2.10433041666667        7.79011875000000      -5.106623175855676E-002
   2.10433041666667        8.30932666666667      -4.385989612031459E-002
   2.10433041666667        8.82853458333333      -3.727025046534550E-002
   2.10433041666667        9.34774250000000      -3.113511456105804E-002
   2.10433041666667        9.86695041666667      -2.558411808693228E-002
   2.10433041666667        10.3861583333333      -2.068348522232426E-002
   2.10433041666667        10.9053662500000      -1.618027980336326E-002
   2.10433041666667        11.4245741666667      -1.193508252511972E-002
   2.10433041666667        11.9437820833333      -8.094346229671878E-003
   2.10433041666667        12.4629900000000      -4.626679787444311E-003
   2.40466333333333       2.000000000000000E-003 -0.771424146064943     
   2.40466333333333       0.521207916666667      -0.690140874768161     
   2.40466333333333        1.04041583333333      -0.529368193403078     
   2.40466333333333        1.55962375000000      -0.386346697050682     
   2.40466333333333        2.07883166666667      -0.287834301956562     
   2.40466333333333        2.59803958333333      -0.228972924224910     
   2.40466333333333        3.11724750000000      -0.192976368287604     
   2.40466333333333        3.63645541666667      -0.165422496033450     
   2.40466333333333        4.15566333333333      -0.141812151050870     
   2.40466333333333        4.67487125000000      -0.122496958955996     
   2.40466333333333        5.19407916666667      -0.106349354698184     
   2.40466333333333        5.71328708333333      -9.189511148587959E-002
   2.40466333333333        6.23249500000000      -7.939578300248003E-002
   2.40466333333333        6.75170291666667      -6.904652671694721E-002
   2.40466333333333        7.27091083333333      -5.995573260985392E-002
   2.40466333333333        7.79011875000000      -5.163936021797722E-002
   2.40466333333333        8.30932666666667      -4.425132132255842E-002
   2.40466333333333        8.82853458333333      -3.762230883487345E-002
   2.40466333333333        9.34774250000000      -3.150259294337152E-002
   2.40466333333333        9.86695041666667      -2.599728582600292E-002
   2.40466333333333        10.3861583333333      -2.114199435153501E-002
   2.40466333333333        10.9053662500000      -1.662165520856335E-002
   2.40466333333333        11.4245741666667      -1.229710841999115E-002
   2.40466333333333        11.9437820833333      -8.373950704984612E-003
   2.40466333333333        12.4629900000000      -4.895004873109550E-003
   2.70499625000000       2.000000000000000E-003  -1.03754962437484     
   2.70499625000000       0.521207916666667      -0.903808445273784     
   2.70499625000000        1.04041583333333      -0.641429670621947     
   2.70499625000000        1.55962375000000      -0.437647876524796     
   2.70499625000000        2.07883166666667      -0.310227524803946     
   2.70499625000000        2.59803958333333      -0.238211926293229     
   2.70499625000000        3.11724750000000      -0.197477012646064     
   2.70499625000000        3.63645541666667      -0.168605765912070     
   2.70499625000000        4.15566333333333      -0.144312304236797     
   2.70499625000000        4.67487125000000      -0.124434799958148     
   2.70499625000000        5.19407916666667      -0.108034716777024     
   2.70499625000000        5.71328708333333      -9.344886188442100E-002
   2.70499625000000        6.23249500000000      -8.069776603974156E-002
   2.70499625000000        6.75170291666667      -7.004292280865229E-002
   2.70499625000000        7.27091083333333      -6.069447317927173E-002
   2.70499625000000        7.79011875000000      -5.214008550207832E-002
   2.70499625000000        8.30932666666667      -4.458086708593890E-002
   2.70499625000000        8.82853458333333      -3.791393393446600E-002
   2.70499625000000        9.34774250000000      -3.182330106623837E-002
   2.70499625000000        9.86695041666667      -2.635597245668855E-002
   2.70499625000000        10.3861583333333      -2.150844527161345E-002
   2.70499625000000        10.9053662500000      -1.693748735894111E-002
   2.70499625000000        11.4245741666667      -1.250740877641355E-002
   2.70499625000000        11.9437820833333      -8.491200869269269E-003
   2.70499625000000        12.4629900000000      -5.133718241276071E-003
   3.00532916666667       2.000000000000000E-003  -1.32229396542538     
   3.00532916666667       0.521207916666667       -1.13117422440750     
   3.00532916666667        1.04041583333333      -0.761699785994722     
   3.00532916666667        1.55962375000000      -0.485998173407358     
   3.00532916666667        2.07883166666667      -0.330253632015188     
   3.00532916666667        2.59803958333333      -0.246011021758876     
   3.00532916666667        3.11724750000000      -0.200825814605019     
   3.00532916666667        3.63645541666667      -0.170787168704368     
   3.00532916666667        4.15566333333333      -0.146047564114223     
   3.00532916666667        4.67487125000000      -0.125795818975503     
   3.00532916666667        5.19407916666667      -0.109223919688907     
   3.00532916666667        5.71328708333333      -9.456529101147371E-002
   3.00532916666667        6.23249500000000      -8.164606630033401E-002
   3.00532916666667        6.75170291666667      -7.076673698449699E-002
   3.00532916666667        7.27091083333333      -6.123290826662316E-002
   3.00532916666667        7.79011875000000      -5.252415727566750E-002
   3.00532916666667        8.30932666666667      -4.484437392897040E-002
   3.00532916666667        8.82853458333333      -3.814093060256137E-002
   3.00532916666667        9.34774250000000      -3.208036225505732E-002
   3.00532916666667        9.86695041666667      -2.664084742140694E-002
   3.00532916666667        10.3861583333333      -2.177630888264227E-002
   3.00532916666667        10.9053662500000      -1.713740138489041E-002
   3.00532916666667        11.4245741666667      -1.255220666864701E-002
   3.00532916666667        11.9437820833333      -8.413534784465439E-003
   3.00532916666667        12.4629900000000      -5.339331679071455E-003
   3.30566208333333       2.000000000000000E-003  -1.52385860732035     
   3.30566208333333       0.521207916666667       -1.30460372605476     
   3.30566208333333        1.04041583333333      -0.855688690678146     
   3.30566208333333        1.55962375000000      -0.521572299561625     
   3.30566208333333        2.07883166666667      -0.344341722839398     
   3.30566208333333        2.59803958333333      -0.251312959315703     
   3.30566208333333        3.11724750000000      -0.202907097298195     
   3.30566208333333        3.63645541666667      -0.172040254940675     
   3.30566208333333        4.15566333333333      -0.147060782613779     
   3.30566208333333        4.67487125000000      -0.126603526441861     
   3.30566208333333        5.19407916666667      -0.109932595149994     
   3.30566208333333        5.71328708333333      -9.523824776779563E-002
   3.30566208333333        6.23249500000000      -8.222312195685308E-002
   3.30566208333333        6.75170291666667      -7.120655439778556E-002
   3.30566208333333        7.27091083333333      -6.156063282189317E-002
   3.30566208333333        7.79011875000000      -5.276539871272384E-002
   3.30566208333333        8.30932666666667      -4.502078971751645E-002
   3.30566208333333        8.82853458333333      -3.829816384536869E-002
   3.30566208333333        9.34774250000000      -3.225657891961443E-002
   3.30566208333333        9.86695041666667      -2.683029584359021E-002
   3.30566208333333        10.3861583333333      -2.194554937819118E-002
   3.30566208333333        10.9053662500000      -1.724512724786275E-002
   3.30566208333333        11.4245741666667      -1.249069682049654E-002
   3.30566208333333        11.9437820833333      -8.215010935768074E-003
   3.30566208333333        12.4629900000000      -5.496972378611836E-003
   3.60599500000000       2.000000000000000E-003  -1.65418336370613     
   3.60599500000000       0.521207916666667       -1.36629152298441     
   3.60599500000000        1.04041583333333      -0.891205973011305     
   3.60599500000000        1.55962375000000      -0.534795994514201     
   3.60599500000000        2.07883166666667      -0.349441036361042     
   3.60599500000000        2.59803958333333      -0.253201785992255     
   3.60599500000000        3.11724750000000      -0.203614327401463     
   3.60599500000000        3.63645541666667      -0.172445327958572     
   3.60599500000000        4.15566333333333      -0.147394001055399     
   3.60599500000000        4.67487125000000      -0.126873300119045     
   3.60599500000000        5.19407916666667      -0.110170682917786     
   3.60599500000000        5.71328708333333      -9.546621301411913E-002
   3.60599500000000        6.23249500000000      -8.242058250535021E-002
   3.60599500000000        6.75170291666667      -7.135848648021953E-002
   3.60599500000000        7.27091083333333      -6.167552505025416E-002
   3.60599500000000        7.79011875000000      -5.285299565973896E-002
   3.60599500000000        8.30932666666667      -4.508895539412545E-002
   3.60599500000000        8.82853458333333      -3.836196016416761E-002
   3.60599500000000        9.34774250000000      -3.232833558195941E-002
   3.60599500000000        9.86695041666667      -2.690722907565425E-002
   3.60599500000000        10.3861583333333      -2.201505904903024E-002
   3.60599500000000        10.9053662500000      -1.729035223271633E-002
   3.60599500000000        11.4245741666667      -1.246003848280885E-002
   3.60599500000000        11.9437820833333      -8.117380651951594E-003
   3.60599500000000        12.4629900000000      -5.602381802265943E-003
   3.90632791666667       2.000000000000000E-003  -1.52386187236797     
   3.90632791666667       0.521207916666667       -1.30459553219499     
   3.90632791666667        1.04041583333333      -0.855684959431883     
   3.90632791666667        1.55962375000000      -0.521571225994748     
   3.90632791666667        2.07883166666667      -0.344342732825693     
   3.90632791666667        2.59803958333333      -0.251315747585427     
   3.90632791666667        3.11724750000000      -0.202910767981715     
   3.90632791666667        3.63645541666667      -0.172044649669677     
   3.90632791666667        4.15566333333333      -0.147066556682167     
   3.90632791666667        4.67487125000000      -0.126610944907939     
   3.90632791666667        5.19407916666667      -0.109941451500736     
   3.90632791666667        5.71328708333333      -9.524880670889763E-002
   3.90632791666667        6.23249500000000      -8.223605515346974E-002
   3.90632791666667        6.75170291666667      -7.122188336221071E-002
   3.90632791666667        7.27091083333333      -6.157779113395128E-002
   3.90632791666667        7.79011875000000      -5.278429563051236E-002
   3.90632791666667        8.30932666666667      -4.504227426635655E-002
   3.90632791666667        8.82853458333333      -3.832335111746871E-002
   3.90632791666667        9.34774250000000      -3.228613467764514E-002
   3.90632791666667        9.86695041666667      -2.686442889980592E-002
   3.90632791666667        10.3861583333333      -2.198407791680230E-002
   3.90632791666667        10.9053662500000      -1.728739521666913E-002
   3.90632791666667        11.4245741666667      -1.253542683256589E-002
   3.90632791666667        11.9437820833333      -8.259024122204538E-003
   3.90632791666667        12.4629900000000      -5.541308886898933E-003
   4.20666083333333       2.000000000000000E-003  -1.32230103494401     
   4.20666083333333       0.521207916666667       -1.13116728875549     
   4.20666083333333        1.04041583333333      -0.761695002182256     
   4.20666083333333        1.55962375000000      -0.485996813367858     
   4.20666083333333        2.07883166666667      -0.330255960842512     
   4.20666083333333        2.59803958333333      -0.246016680000760     
   4.20666083333333        3.11724750000000      -0.200833195150167     
   4.20666083333333        3.63645541666667      -0.170796083891828     
   4.20666083333333        4.15566333333333      -0.146059256445368     
   4.20666083333333        4.67487125000000      -0.125810692318751     
   4.20666083333333        5.19407916666667      -0.109241579597123     
   4.20666083333333        5.71328708333333      -9.458630018227886E-002
   4.20666083333333        6.23249500000000      -8.167169875535696E-002
   4.20666083333333        6.75170291666667      -7.079705058467349E-002
   4.20666083333333        7.27091083333333      -6.126689691557935E-002
   4.20666083333333        7.79011875000000      -5.256180942847696E-002
   4.20666083333333        8.30932666666667      -4.488734700824168E-002
   4.20666083333333        8.82853458333333      -3.819120180466540E-002
   4.20666083333333        9.34774250000000      -3.213910453046499E-002
   4.20666083333333        9.86695041666667      -2.670851046313606E-002
   4.20666083333333        10.3861583333333      -2.185272095498635E-002
   4.20666083333333        10.9053662500000      -1.722150785678517E-002
   4.20666083333333        11.4245741666667      -1.264195506639218E-002
   4.20666083333333        11.9437820833333      -8.504332731804242E-003
   4.20666083333333        12.4629900000000      -5.429203940755961E-003
   4.50699375000000       2.000000000000000E-003  -1.03755711617436     
   4.50699375000000       0.521207916666667      -0.903805673389459     
   4.50699375000000        1.04041583333333      -0.641426567841533     
   4.50699375000000        1.55962375000000      -0.437647430149291     
   4.50699375000000        2.07883166666667      -0.310231730380996     
   4.50699375000000        2.59803958333333      -0.238220521256210     
   4.50699375000000        3.11724750000000      -0.197488142093607     
   4.50699375000000        3.63645541666667      -0.168619370201368     
   4.50699375000000        4.15566333333333      -0.144330067118775     
   4.50699375000000        4.67487125000000      -0.124457158974328     
   4.50699375000000        5.19407916666667      -0.108061133859402     
   4.50699375000000        5.71328708333333      -9.348019792939982E-002
   4.50699375000000        6.23249500000000      -8.073576015701019E-002
   4.50699375000000        6.75170291666667      -7.008763021464678E-002
   4.50699375000000        7.27091083333333      -6.074471469168363E-002
   4.50699375000000        7.79011875000000      -5.219617583373097E-002
   4.50699375000000        8.30932666666667      -4.464518670251302E-002
   4.50699375000000        8.82853458333333      -3.798885920144991E-002
   4.50699375000000        9.34774250000000      -3.191035246809532E-002
   4.50699375000000        9.86695041666667      -2.645599596054493E-002
   4.50699375000000        10.3861583333333      -2.162152529556925E-002
   4.50699375000000        10.9053662500000      -1.706253410473907E-002
   4.50699375000000        11.4245741666667      -1.264186779901327E-002
   4.50699375000000        11.9437820833333      -8.630621524397681E-003
   4.50699375000000        12.4629900000000      -5.273604545189525E-003
   4.80732666666667       2.000000000000000E-003 -0.771429872991768     
   4.80732666666667       0.521207916666667      -0.690141381335123     
   4.80732666666667        1.04041583333333      -0.529367461739448     
   4.80732666666667        1.55962375000000      -0.386348226688852     
   4.80732666666667        2.07883166666667      -0.287840969340976     
   4.80732666666667        2.59803958333333      -0.228984580949243     
   4.80732666666667        3.11724750000000      -0.192991200699988     
   4.80732666666667        3.63645541666667      -0.165440924094154     
   4.80732666666667        4.15566333333333      -0.141836107041821     
   4.80732666666667        4.67487125000000      -0.122526773446325     
   4.80732666666667        5.19407916666667      -0.106384462590488     
   4.80732666666667        5.71328708333333      -9.193672114851434E-002
   4.80732666666667        6.23249500000000      -7.944587022074195E-002
   4.80732666666667        6.75170291666667      -6.910503551698381E-002
   4.80732666666667        7.27091083333333      -6.002151480355607E-002
   4.80732666666667        7.79011875000000      -5.171334096923254E-002
   4.80732666666667        8.30932666666667      -4.433622295598371E-002
   4.80732666666667        8.82853458333333      -3.772061630580084E-002
   4.80732666666667        9.34774250000000      -3.161630345182560E-002
   4.80732666666667        9.86695041666667      -2.612802970962464E-002
   4.80732666666667        10.3861583333333      -2.129020631343431E-002
   4.80732666666667        10.9053662500000      -1.678628027111564E-002
   4.80732666666667        11.4245741666667      -1.247533197571884E-002
   4.80732666666667        11.9437820833333      -8.560811967843448E-003
   4.80732666666667        12.4629900000000      -5.084081163757951E-003
   5.10765958333333       2.000000000000000E-003 -0.572847508789862     
   5.10765958333333       0.521207916666667      -0.530194789795717     
   5.10765958333333        1.04041583333333      -0.435718624246812     
   5.10765958333333        1.55962375000000      -0.338867569154401     
   5.10765958333333        2.07883166666667      -0.265931144437501     
   5.10765958333333        2.59803958333333      -0.219090968008725     
   5.10765958333333        3.11724750000000      -0.187383140762716     
   5.10765958333333        3.63645541666667      -0.161203037938911     
   5.10765958333333        4.15566333333333      -0.138545813747875     
   5.10765958333333        4.67487125000000      -0.119991204559279     
   5.10765958333333        5.19407916666667      -0.104198993104308     
   5.10765958333333        5.71328708333333      -8.997441137115959E-002
   5.10765958333333        6.23249500000000      -7.783153312891788E-002
   5.10765958333333        6.75170291666667      -6.786869425054455E-002
   5.10765958333333        7.27091083333333      -5.911860761003208E-002
   5.10765958333333        7.79011875000000      -5.115738457569122E-002
   5.10765958333333        8.30932666666667      -4.396471251534104E-002
   5.10765958333333        8.82853458333333      -3.739108124459947E-002
   5.10765958333333        9.34774250000000      -3.127413596675312E-002
   5.10765958333333        9.86695041666667      -2.574406571491499E-002
   5.10765958333333        10.3861583333333      -2.086540984950915E-002
   5.10765958333333        10.9053662500000      -1.638281126608927E-002
   5.10765958333333        11.4245741666667      -1.215518628581358E-002
   5.10765958333333        11.9437820833333      -8.326119296886604E-003
   5.10765958333333        12.4629900000000      -4.861634165502352E-003
   5.40799250000000       2.000000000000000E-003 -0.444691683388660     
   5.40799250000000       0.521207916666667      -0.419666774522322     
   5.40799250000000        1.04041583333333      -0.361623810510837     
   5.40799250000000        1.55962375000000      -0.298457315749449     
   5.40799250000000        2.07883166666667      -0.246025092758314     
   5.40799250000000        2.59803958333333      -0.208862225805673     
   5.40799250000000        3.11724750000000      -0.180639633907631     
   5.40799250000000        3.63645541666667      -0.155894565251514     
   5.40799250000000        4.15566333333333      -0.134452840310655     
   5.40799250000000        4.67487125000000      -0.116833213588493     
   5.40799250000000        5.19407916666667      -0.101517327121379     
   5.40799250000000        5.71328708333333      -8.763618749181404E-002
   5.40799250000000        6.23249500000000      -7.593368833345493E-002
   5.40799250000000        6.75170291666667      -6.639889295667829E-002
   5.40799250000000        7.27091083333333      -5.810128087763491E-002
   5.40799250000000        7.79011875000000      -5.054508438450618E-002
   5.40799250000000        8.30932666666667      -4.352884396824740E-002
   5.40799250000000        8.82853458333333      -3.699988821359755E-002
   5.40799250000000        9.34774250000000      -3.089258208523643E-002
   5.40799250000000        9.86695041666667      -2.530796817152823E-002
   5.40799250000000        10.3861583333333      -2.034684285676529E-002
   5.40799250000000        10.9053662500000      -1.585535087613638E-002
   5.40799250000000        11.4245741666667      -1.171138368387343E-002
   5.40799250000000        11.9437820833333      -7.984278206030997E-003
   5.40799250000000        12.4629900000000      -4.598671987161490E-003
   5.70832541666667       2.000000000000000E-003 -0.365183639911750     
   5.70832541666667       0.521207916666667      -0.347502413507204     
   5.70832541666667        1.04041583333333      -0.308449268561053     
   5.70832541666667        1.55962375000000      -0.265967481734610     
   5.70832541666667        2.07883166666667      -0.228410854322161     
   5.70832541666667        2.59803958333333      -0.198267162607021     
   5.70832541666667        3.11724750000000      -0.172780471550268     
   5.70832541666667        3.63645541666667      -0.149598161939083     
   5.70832541666667        4.15566333333333      -0.129581265949245     
   5.70832541666667        4.67487125000000      -0.113066666539714     
   5.70832541666667        5.19407916666667      -9.841111815454560E-002
   5.70832541666667        5.71328708333333      -8.500135729781839E-002
   5.70832541666667        6.23249500000000      -7.380060921287558E-002
   5.70832541666667        6.75170291666667      -6.471338507042919E-002
   5.70832541666667        7.27091083333333      -5.698728293638965E-002
   5.70832541666667        7.79011875000000      -4.986041798855480E-002
   5.70832541666667        8.30932666666667      -4.299884492811153E-002
   5.70832541666667        8.82853458333333      -3.652110234382808E-002
   5.70832541666667        9.34774250000000      -3.045255088038798E-002
   5.70832541666667        9.86695041666667      -2.480959091918525E-002
   5.70832541666667        10.3861583333333      -1.973195844429107E-002
   5.70832541666667        10.9053662500000      -1.521572417304935E-002
   5.70832541666667        11.4245741666667      -1.118028189856845E-002
   5.70832541666667        11.9437820833333      -7.578704256275595E-003
   5.70832541666667        12.4629900000000      -4.305587870038576E-003
   6.00865833333333       2.000000000000000E-003 -0.321642467507416     
   6.00865833333333       0.521207916666667      -0.303438405797210     
   6.00865833333333        1.04041583333333      -0.271902726898394     
   6.00865833333333        1.55962375000000      -0.241174827530460     
   6.00865833333333        2.07883166666667      -0.212624191538102     
   6.00865833333333        2.59803958333333      -0.187187481907423     
   6.00865833333333        3.11724750000000      -0.163981167702166     
   6.00865833333333        3.63645541666667      -0.142507473749912     
   6.00865833333333        4.15566333333333      -0.123939628868785     
   6.00865833333333        4.67487125000000      -0.108735005261314     
   6.00865833333333        5.19407916666667      -9.505572090527352E-002
   6.00865833333333        5.71328708333333      -8.218752607406501E-002
   6.00865833333333        6.23249500000000      -7.148083575101440E-002
   6.00865833333333        6.75170291666667      -6.286781404121268E-002
   6.00865833333333        7.27091083333333      -5.574355331132961E-002
   6.00865833333333        7.79011875000000      -4.905858822621167E-002
   6.00865833333333        8.30932666666667      -4.233120961552997E-002
   6.00865833333333        8.82853458333333      -3.592582383069366E-002
   6.00865833333333        9.34774250000000      -2.990351753844845E-002
   6.00865833333333        9.86695041666667      -2.422912349107331E-002
   6.00865833333333        10.3861583333333      -1.903765135619592E-002
   6.00865833333333        10.9053662500000      -1.449275840383917E-002
   6.00865833333333        11.4245741666667      -1.059457874471087E-002
   6.00865833333333        11.9437820833333      -7.142265154123705E-003
   6.00865833333333        12.4629900000000      -3.989383684381206E-003
   6.30899125000000       2.000000000000000E-003 -0.304303842360519     
   6.30899125000000       0.521207916666667      -0.276531285060778     
   6.30899125000000        1.04041583333333      -0.245746803016678     
   6.30899125000000        1.55962375000000      -0.221414954687356     
   6.30899125000000        2.07883166666667      -0.197952469846126     
   6.30899125000000        2.59803958333333      -0.175656848515188     
   6.30899125000000        3.11724750000000      -0.154604489041663     
   6.30899125000000        3.63645541666667      -0.134901390627355     
   6.30899125000000        4.15566333333333      -0.117478298502973     
   6.30899125000000        4.67487125000000      -0.104114756901416     
   6.30899125000000        5.19407916666667      -9.179242111967667E-002
   6.30899125000000        5.71328708333333      -7.932664900578584E-002
   6.30899125000000        6.23249500000000      -6.901484109526296E-002
   6.30899125000000        6.75170291666667      -6.086648469072907E-002
   6.30899125000000        7.27091083333333      -5.432446862058373E-002
   6.30899125000000        7.79011875000000      -4.809183813267304E-002
   6.30899125000000        8.30932666666667      -4.154317328382608E-002
   6.30899125000000        8.82853458333333      -3.530375118160406E-002
   6.30899125000000        9.34774250000000      -2.918192093336402E-002
   6.30899125000000        9.86695041666667      -2.353512241521356E-002
   6.30899125000000        10.3861583333333      -1.830443437264221E-002
   6.30899125000000        10.9053662500000      -1.373545652917831E-002
   6.30899125000000        11.4245741666667      -9.984734851345867E-003
   6.30899125000000        11.9437820833333      -6.696965062597542E-003
   6.30899125000000        12.4629900000000      -3.653267956866500E-003
   6.60932416666667       2.000000000000000E-003 -0.299074310984434     
   6.60932416666667       0.521207916666667      -0.253315083161409     
   6.60932416666667        1.04041583333333      -0.224680031592032     
   6.60932416666667        1.55962375000000      -0.204028723865334     
   6.60932416666667        2.07883166666667      -0.183752280804703     
   6.60932416666667        2.59803958333333      -0.163945545554907     
   6.60932416666667        3.11724750000000      -0.145129213387754     
   6.60932416666667        3.63645541666667      -0.127089954309648     
   6.60932416666667        4.15566333333333      -0.110668367135651     
   6.60932416666667        4.67487125000000      -9.982262363204457E-002
   6.60932416666667        5.19407916666667      -8.886707057322953E-002
   6.60932416666667        5.71328708333333      -7.648508586872396E-002
   6.60932416666667        6.23249500000000      -6.642890497042672E-002
   6.60932416666667        6.75170291666667      -5.869812673853390E-002
   6.60932416666667        7.27091083333333      -5.270095137617122E-002
   6.60932416666667        7.79011875000000      -4.694047536391183E-002
   6.60932416666667        8.30932666666667      -4.075415684982479E-002
   6.60932416666667        8.82853458333333      -3.490506173552505E-002
   6.60932416666667        9.34774250000000      -2.821172344070396E-002
   6.60932416666667        9.86695041666667      -2.264351130215996E-002
   6.60932416666667        10.3861583333333      -1.757692329053514E-002
   6.60932416666667        10.9053662500000      -1.300429775235269E-002
   6.60932416666667        11.4245741666667      -9.391077653527733E-003
   6.60932416666667        11.9437820833333      -6.255880129430944E-003
   6.60932416666667        12.4629900000000      -3.300112202185061E-003
   6.90965708333333       2.000000000000000E-003 -0.272049436807936     
   6.90965708333333       0.521207916666667      -0.226873691988755     
   6.90965708333333        1.04041583333333      -0.206250697341334     
   6.90965708333333        1.55962375000000      -0.187569319931859     
   6.90965708333333        2.07883166666667      -0.169752104089615     
   6.90965708333333        2.59803958333333      -0.152478164725264     
   6.90965708333333        3.11724750000000      -0.136007274700962     
   6.90965708333333        3.63645541666667      -0.119746016715572     
   6.90965708333333        4.15566333333333      -0.104946414373289     
   6.90965708333333        4.67487125000000      -9.638401910506779E-002
   6.90965708333333        5.19407916666667      -8.592224864536745E-002
   6.90965708333333        5.71328708333333      -7.353945235931122E-002
   6.90965708333333        6.23249500000000      -6.373970218225468E-002
   6.90965708333333        6.75170291666667      -5.639218416053093E-002
   6.90965708333333        7.27091083333333      -5.089367920785688E-002
   6.90965708333333        7.79011875000000      -4.561805799837729E-002
   6.90965708333333        8.30932666666667      -3.991141529433644E-002
   6.90965708333333        8.82853458333333      -3.424465374030732E-002
   6.90965708333333        9.34774250000000      -2.682685428725974E-002
   6.90965708333333        9.86695041666667      -2.148445773754053E-002
   6.90965708333333        10.3861583333333      -1.687640778577230E-002
   6.90965708333333        10.9053662500000      -1.234720804406225E-002
   6.90965708333333        11.4245741666667      -8.848543506971195E-003
   6.90965708333333        11.9437820833333      -5.828998480755674E-003
   6.90965708333333        12.4629900000000      -2.936325368799956E-003
   7.20999000000000       2.000000000000000E-003 -0.228115641648142     
   7.20999000000000       0.521207916666667      -0.210152952430675     
   7.20999000000000        1.04041583333333      -0.189115985249017     
   7.20999000000000        1.55962375000000      -0.171673205534622     
   7.20999000000000        2.07883166666667      -0.156283304499175     
   7.20999000000000        2.59803958333333      -0.141658068813333     
   7.20999000000000        3.11724750000000      -0.127505818215608     
   7.20999000000000        3.63645541666667      -0.113455582858081     
   7.20999000000000        4.15566333333333      -0.101463066275819     
   7.20999000000000        4.67487125000000      -9.213059631980458E-002
   7.20999000000000        5.19407916666667      -8.212552258522146E-002
   7.20999000000000        5.71328708333333      -7.029666421077695E-002
   7.20999000000000        6.23249500000000      -6.097793383363976E-002
   7.20999000000000        6.75170291666667      -5.402208367010895E-002
   7.20999000000000        7.27091083333333      -4.897045440129486E-002
   7.20999000000000        7.79011875000000      -4.415240880147239E-002
   7.20999000000000        8.30932666666667      -3.875868526146270E-002
   7.20999000000000        8.82853458333333      -3.327278663853633E-002
   7.20999000000000        9.34774250000000      -2.563496034415138E-002
   7.20999000000000        9.86695041666667      -2.049440879269461E-002
   7.20999000000000        10.3861583333333      -1.621327520133543E-002
   7.20999000000000        10.9053662500000      -1.178970480396469E-002
   7.20999000000000        11.4245741666667      -8.380959520096088E-003
   7.20999000000000        11.9437820833333      -5.428022927267351E-003
   7.20999000000000        12.4629900000000      -2.572042523987966E-003
