  2.000000000000000E-003  2.000000000000000E-003 -7.332001499796699E-002
  2.000000000000000E-003  0.521207916666667      -7.631720688762436E-002
  2.000000000000000E-003   1.04041583333333      -8.338779032498840E-002
  2.000000000000000E-003   1.55962375000000      -8.872654291169201E-002
  2.000000000000000E-003   2.07883166666667      -9.412471398939108E-002
  2.000000000000000E-003   2.59803958333333      -0.102073864763366     
  2.000000000000000E-003   3.11724750000000      -0.114273166402315     
  2.000000000000000E-003   3.63645541666667      -0.132730093994765     
  2.000000000000000E-003   4.15566333333333      -0.145701407734209     
  2.000000000000000E-003   4.67487125000000      -0.148270856716130     
  2.000000000000000E-003   5.19407916666667      -0.154802438478815     
  2.000000000000000E-003   5.71328708333333      -0.157379896499286     
  2.000000000000000E-003   6.23249500000000      -0.159507753835285     
  2.000000000000000E-003   6.75170291666667      -0.161314657596422     
  2.000000000000000E-003   7.27091083333333      -0.161716928087649     
  2.000000000000000E-003   7.79011875000000      -0.158424392695857     
  2.000000000000000E-003   8.30932666666667      -0.151871684167084     
  2.000000000000000E-003   8.82853458333333      -0.142961896761210     
  2.000000000000000E-003   9.34774250000000      -0.125318342366366     
  2.000000000000000E-003   9.86695041666667      -0.110022097373012     
  2.000000000000000E-003   10.3861583333333      -9.563948937999181E-002
  2.000000000000000E-003   10.9053662500000      -8.388660126039858E-002
  2.000000000000000E-003   11.4245741666667      -7.544714551668827E-002
  2.000000000000000E-003   11.9437820833333      -6.826188605230235E-002
  2.000000000000000E-003   12.4629900000000      -6.132502032640674E-002
  0.302332916666667       2.000000000000000E-003 -7.697700079623178E-002
  0.302332916666667       0.521207916666667      -7.849813076166641E-002
  0.302332916666667        1.04041583333333      -8.660673921535102E-002
  0.302332916666667        1.55962375000000      -9.321010224993692E-002
  0.302332916666667        2.07883166666667      -0.100000446299061     
  0.302332916666667        2.59803958333333      -0.109381359866242     
  0.302332916666667        3.11724750000000      -0.122668587243324     
  0.302332916666667        3.63645541666667      -0.140593693858164     
  0.302332916666667        4.15566333333333      -0.150456497852544     
  0.302332916666667        4.67487125000000      -0.145977286859914     
  0.302332916666667        5.19407916666667      -0.160700956638019     
  0.302332916666667        5.71328708333333      -0.171561466146788     
  0.302332916666667        6.23249500000000      -0.175978321360601     
  0.302332916666667        6.75170291666667      -0.178089282334889     
  0.302332916666667        7.27091083333333      -0.177983048939988     
  0.302332916666667        7.79011875000000      -0.173436750691549     
  0.302332916666667        8.30932666666667      -0.164257856118558     
  0.302332916666667        8.82853458333333      -0.152772645007577     
  0.302332916666667        9.34774250000000      -0.135293416565315     
  0.302332916666667        9.86695041666667      -0.117327146563611     
  0.302332916666667        10.3861583333333      -0.101668051087993     
  0.302332916666667        10.9053662500000      -8.890660290109377E-002
  0.302332916666667        11.4245741666667      -7.934055967849769E-002
  0.302332916666667        11.9437820833333      -7.120237366746396E-002
  0.302332916666667        12.4629900000000      -6.360227085969443E-002
  0.602665833333333       2.000000000000000E-003 -7.794010323751588E-002
  0.602665833333333       0.521207916666667      -8.111502426016325E-002
  0.602665833333333        1.04041583333333      -8.920827142876819E-002
  0.602665833333333        1.55962375000000      -9.732187285620529E-002
  0.602665833333333        2.07883166666667      -0.105662934682029     
  0.602665833333333        2.59803958333333      -0.116354253477359     
  0.602665833333333        3.11724750000000      -0.130205384065047     
  0.602665833333333        3.63645541666667      -0.146063130738352     
  0.602665833333333        4.15566333333333      -0.153220294006701     
  0.602665833333333        4.67487125000000      -0.153703708271974     
  0.602665833333333        5.19407916666667      -0.173357714772125     
  0.602665833333333        5.71328708333333      -0.188756357873101     
  0.602665833333333        6.23249500000000      -0.194393704224162     
  0.602665833333333        6.75170291666667      -0.196232506474708     
  0.602665833333333        7.27091083333333      -0.195224914020339     
  0.602665833333333        7.79011875000000      -0.189318135085874     
  0.602665833333333        8.30932666666667      -0.176859287376388     
  0.602665833333333        8.82853458333333      -0.161768488860618     
  0.602665833333333        9.34774250000000      -0.143327756348822     
  0.602665833333333        9.86695041666667      -0.124384447136835     
  0.602665833333333        10.3861583333333      -0.107821761476106     
  0.602665833333333        10.9053662500000      -9.408091874475676E-002
  0.602665833333333        11.4245741666667      -8.334257621729266E-002
  0.602665833333333        11.9437820833333      -7.418554646794465E-002
  0.602665833333333        12.4629900000000      -6.585393060280770E-002
  0.902998750000000       2.000000000000000E-003 -7.629129319116910E-002
  0.902998750000000       0.521207916666667      -8.293004979749206E-002
  0.902998750000000        1.04041583333333      -9.167334365224593E-002
  0.902998750000000        1.55962375000000      -0.101210589049931     
  0.902998750000000        2.07883166666667      -0.111128929427006     
  0.902998750000000        2.59803958333333      -0.123176799639574     
  0.902998750000000        3.11724750000000      -0.137846068276571     
  0.902998750000000        3.63645541666667      -0.153485101385597     
  0.902998750000000        4.15566333333333      -0.164354751464420     
  0.902998750000000        4.67487125000000      -0.174242043757842     
  0.902998750000000        5.19407916666667      -0.194117967395166     
  0.902998750000000        5.71328708333333      -0.209282814141783     
  0.902998750000000        6.23249500000000      -0.214604004583862     
  0.902998750000000        6.75170291666667      -0.215301790968761     
  0.902998750000000        7.27091083333333      -0.212852595920797     
  0.902998750000000        7.79011875000000      -0.205401632782732     
  0.902998750000000        8.30932666666667      -0.190599770803550     
  0.902998750000000        8.82853458333333      -0.171359066946534     
  0.902998750000000        9.34774250000000      -0.150982157609997     
  0.902998750000000        9.86695041666667      -0.131382322075618     
  0.902998750000000        10.3861583333333      -0.113859026713035     
  0.902998750000000        10.9053662500000      -9.913237772561898E-002
  0.902998750000000        11.4245741666667      -8.726805138841097E-002
  0.902998750000000        11.9437820833333      -7.712386470068870E-002
  0.902998750000000        12.4629900000000      -6.803810987378246E-002
   1.20333166666667       2.000000000000000E-003 -7.511164655792610E-002
   1.20333166666667       0.521207916666667      -8.398450483339366E-002
   1.20333166666667        1.04041583333333      -9.403749289475592E-002
   1.20333166666667        1.55962375000000      -0.104956815583390     
   1.20333166666667        2.07883166666667      -0.116457166430039     
   1.20333166666667        2.59803958333333      -0.129996328628360     
   1.20333166666667        3.11724750000000      -0.146046943752796     
   1.20333166666667        3.63645541666667      -0.163609638359080     
   1.20333166666667        4.15566333333333      -0.180375240162844     
   1.20333166666667        4.67487125000000      -0.197827917982807     
   1.20333166666667        5.19407916666667      -0.217836138756930     
   1.20333166666667        5.71328708333333      -0.231731804348212     
   1.20333166666667        6.23249500000000      -0.235938762119844     
   1.20333166666667        6.75170291666667      -0.234672136921470     
   1.20333166666667        7.27091083333333      -0.230116973066510     
   1.20333166666667        7.79011875000000      -0.220659917451291     
   1.20333166666667        8.30932666666667      -0.203993433384710     
   1.20333166666667        8.82853458333333      -0.181902078155719     
   1.20333166666667        9.34774250000000      -0.159077582657452     
   1.20333166666667        9.86695041666667      -0.138051218395971     
   1.20333166666667        10.3861583333333      -0.119474005266562     
   1.20333166666667        10.9053662500000      -0.103829788425063     
   1.20333166666667        11.4245741666667      -9.096764238786439E-002
   1.20333166666667        11.9437820833333      -7.993630317591056E-002
   1.20333166666667        12.4629900000000      -7.011141222873633E-002
   1.50366458333333       2.000000000000000E-003 -7.482954922519816E-002
   1.50366458333333       0.521207916666667      -8.497812535806480E-002
   1.50366458333333        1.04041583333333      -9.630259615664681E-002
   1.50366458333333        1.55962375000000      -0.108547007890532     
   1.50366458333333        2.07883166666667      -0.121661756733645     
   1.50366458333333        2.59803958333333      -0.136798736550736     
   1.50366458333333        3.11724750000000      -0.154660049070017     
   1.50366458333333        3.63645541666667      -0.175002709242732     
   1.50366458333333        4.15566333333333      -0.196818714771070     
   1.50366458333333        4.67487125000000      -0.219498496271896     
   1.50366458333333        5.19407916666667      -0.240659490694468     
   1.50366458333333        5.71328708333333      -0.254268253012610     
   1.50366458333333        6.23249500000000      -0.257394203288302     
   1.50366458333333        6.75170291666667      -0.253587090686675     
   1.50366458333333        7.27091083333333      -0.246478467351491     
   1.50366458333333        7.79011875000000      -0.234403263137983     
   1.50366458333333        8.30932666666667      -0.215580444568639     
   1.50366458333333        8.82853458333333      -0.191457454309732     
   1.50366458333333        9.34774250000000      -0.166592529002281     
   1.50366458333333        9.86695041666667      -0.144049900540198     
   1.50366458333333        10.3861583333333      -0.124511970420356     
   1.50366458333333        10.9053662500000      -0.108067216984277     
   1.50366458333333        11.4245741666667      -9.436028209504695E-002
   1.50366458333333        11.9437820833333      -8.255754566118544E-002
   1.50366458333333        12.4629900000000      -7.204639200255256E-002
   1.80399750000000       2.000000000000000E-003 -7.529559357090485E-002
   1.80399750000000       0.521207916666667      -8.619009549696631E-002
   1.80399750000000        1.04041583333333      -9.850101057400111E-002
   1.80399750000000        1.55962375000000      -0.111976067731532     
   1.80399750000000        2.07883166666667      -0.126659360180056     
   1.80399750000000        2.59803958333333      -0.143413615327998     
   1.80399750000000        3.11724750000000      -0.163222860533571     
   1.80399750000000        3.63645541666667      -0.186349905442605     
   1.80399750000000        4.15566333333333      -0.212028479060236     
   1.80399750000000        4.67487125000000      -0.238340184015654     
   1.80399750000000        5.19407916666667      -0.261241463251935     
   1.80399750000000        5.71328708333333      -0.275290340605506     
   1.80399750000000        6.23249500000000      -0.277897596963100     
   1.80399750000000        6.75170291666667      -0.271716627578781     
   1.80399750000000        7.27091083333333      -0.261552553133930     
   1.80399750000000        7.79011875000000      -0.246446110683663     
   1.80399750000000        8.30932666666667      -0.225145051390363     
   1.80399750000000        8.82853458333333      -0.199287228208725     
   1.80399750000000        9.34774250000000      -0.172997201468259     
   1.80399750000000        9.86695041666667      -0.149310866136117     
   1.80399750000000        10.3861583333333      -0.128986905863946     
   1.80399750000000        10.9053662500000      -0.111843825352813     
   1.80399750000000        11.4245741666667      -9.740942003324556E-002
   1.80399750000000        11.9437820833333      -8.493952547938378E-002
   1.80399750000000        12.4629900000000      -7.384787834491588E-002
   2.10433041666667       2.000000000000000E-003 -7.639737417642534E-002
   2.10433041666667       0.521207916666667      -8.766353582239465E-002
   2.10433041666667        1.04041583333333      -0.100636423562154     
   2.10433041666667        1.55962375000000      -0.115219239817895     
   2.10433041666667        2.07883166666667      -0.131303084030662     
   2.10433041666667        2.59803958333333      -0.149591088337231     
   2.10433041666667        3.11724750000000      -0.171218342335978     
   2.10433041666667        3.63645541666667      -0.196714826835710     
   2.10433041666667        4.15566333333333      -0.225264768317126     
   2.10433041666667        4.67487125000000      -0.254193393711681     
   2.10433041666667        5.19407916666667      -0.278747533493242     
   2.10433041666667        5.71328708333333      -0.293691220715960     
   2.10433041666667        6.23249500000000      -0.296515847838952     
   2.10433041666667        6.75170291666667      -0.288922278749292     
   2.10433041666667        7.27091083333333      -0.275285259648285     
   2.10433041666667        7.79011875000000      -0.256907764288615     
   2.10433041666667        8.30932666666667      -0.233021935869050     
   2.10433041666667        8.82853458333333      -0.205600380482862     
   2.10433041666667        9.34774250000000      -0.178329751124728     
   2.10433041666667        9.86695041666667      -0.153904043685226     
   2.10433041666667        10.3861583333333      -0.132961833212688     
   2.10433041666667        10.9053662500000      -0.115189121758657     
   2.10433041666667        11.4245741666667      -0.100075520111063     
   2.10433041666667        11.9437820833333      -8.704653617446699E-002
   2.10433041666667        12.4629900000000      -7.556390523361883E-002
   2.40466333333333       2.000000000000000E-003 -7.808560347178367E-002
   2.40466333333333       0.521207916666667      -8.924299341366713E-002
   2.40466333333333        1.04041583333333      -0.102580211577685     
   2.40466333333333        1.55962375000000      -0.118107427797960     
   2.40466333333333        2.07883166666667      -0.135423939579908     
   2.40466333333333        2.59803958333333      -0.155075946112639     
   2.40466333333333        3.11724750000000      -0.178223119361182     
   2.40466333333333        3.63645541666667      -0.205509862015468     
   2.40466333333333        4.15566333333333      -0.236062135702086     
   2.40466333333333        4.67487125000000      -0.266836630014140     
   2.40466333333333        5.19407916666667      -0.292814855501112     
   2.40466333333333        5.71328708333333      -0.308909453088180     
   2.40466333333333        6.23249500000000      -0.312550512374748     
   2.40466333333333        6.75170291666667      -0.304546931319978     
   2.40466333333333        7.27091083333333      -0.287948716413053     
   2.40466333333333        7.79011875000000      -0.265994105482217     
   2.40466333333333        8.30932666666667      -0.239550692475163     
   2.40466333333333        8.82853458333333      -0.210702948411372     
   2.40466333333333        9.34774250000000      -0.182733422360209     
   2.40466333333333        9.86695041666667      -0.157841929998970     
   2.40466333333333        10.3861583333333      -0.136427466148411     
   2.40466333333333        10.9053662500000      -0.118081051331640     
   2.40466333333333        11.4245741666667      -0.102289965902767     
   2.40466333333333        11.9437820833333      -8.883118579784050E-002
   2.40466333333333        12.4629900000000      -7.729708876938204E-002
   2.70499625000000       2.000000000000000E-003 -8.012897124870175E-002
   2.70499625000000       0.521207916666667      -9.055623300842812E-002
   2.70499625000000        1.04041583333333      -0.104102205711295     
   2.70499625000000        1.55962375000000      -0.120482311865525     
   2.70499625000000        2.07883166666667      -0.138855809598638     
   2.70499625000000        2.59803958333333      -0.159641830184873     
   2.70499625000000        3.11724750000000      -0.183949251238621     
   2.70499625000000        3.63645541666667      -0.212454235285722     
   2.70499625000000        4.15566333333333      -0.244299803305813     
   2.70499625000000        4.67487125000000      -0.276338518146612     
   2.70499625000000        5.19407916666667      -0.303489916750877     
   2.70499625000000        5.71328708333333      -0.320781671115361     
   2.70499625000000        6.23249500000000      -0.325517530472308     
   2.70499625000000        6.75170291666667      -0.317763441116893     
   2.70499625000000        7.27091083333333      -0.299556041407164     
   2.70499625000000        7.79011875000000      -0.274116277806462     
   2.70499625000000        8.30932666666667      -0.244888493883511     
   2.70499625000000        8.82853458333333      -0.214690294991405     
   2.70499625000000        9.34774250000000      -0.186206327113941     
   2.70499625000000        9.86695041666667      -0.161042482645884     
   2.70499625000000        10.3861583333333      -0.139338331705428     
   2.70499625000000        10.9053662500000      -0.120450720818986     
   2.70499625000000        11.4245741666667      -0.103943275312138     
   2.70499625000000        11.9437820833333      -9.012292263296932E-002
   2.70499625000000        12.4629900000000      -7.905836026749610E-002
   3.00532916666667       2.000000000000000E-003 -8.200223247618128E-002
   3.00532916666667       0.521207916666667      -9.112655625528540E-002
   3.00532916666667        1.04041583333333      -0.104987088733004     
   3.00532916666667        1.55962375000000      -0.122223335635878     
   3.00532916666667        2.07883166666667      -0.141444913987416     
   3.00532916666667        2.59803958333333      -0.163091683019817     
   3.00532916666667        3.11724750000000      -0.188211317064049     
   3.00532916666667        3.63645541666667      -0.217464034671658     
   3.00532916666667        4.15566333333333      -0.250067260602317     
   3.00532916666667        4.67487125000000      -0.282931157523706     
   3.00532916666667        5.19407916666667      -0.310980259825850     
   3.00532916666667        5.71328708333333      -0.329303489315726     
   3.00532916666667        6.23249500000000      -0.335067863562395     
   3.00532916666667        6.75170291666667      -0.327806062728314     
   3.00532916666667        7.27091083333333      -0.308872076160204     
   3.00532916666667        7.79011875000000      -0.281360496392822     
   3.00532916666667        8.30932666666667      -0.249649033848189     
   3.00532916666667        8.82853458333333      -0.217918786218214     
   3.00532916666667        9.34774250000000      -0.188907448463418     
   3.00532916666667        9.86695041666667      -0.163602056718109     
   3.00532916666667        10.3861583333333      -0.141634155713752     
   3.00532916666667        10.9053662500000      -0.122205332213844     
   3.00532916666667        11.4245741666667      -0.104900547620930     
   3.00532916666667        11.9437820833333      -9.061355467716579E-002
   3.00532916666667        12.4629900000000      -8.060984523238870E-002
   3.30566208333333       2.000000000000000E-003 -8.260156918915124E-002
   3.30566208333333       0.521207916666667      -9.060960979146776E-002
   3.30566208333333        1.04041583333333      -0.105250591060338     
   3.30566208333333        1.55962375000000      -0.123267126943530     
   3.30566208333333        2.07883166666667      -0.143059073184916     
   3.30566208333333        2.59803958333333      -0.165251599105718     
   3.30566208333333        3.11724750000000      -0.190862921488080     
   3.30566208333333        3.63645541666667      -0.220511511079342     
   3.30566208333333        4.15566333333333      -0.253485920188605     
   3.30566208333333        4.67487125000000      -0.286817892560427     
   3.30566208333333        5.19407916666667      -0.315442007352683     
   3.30566208333333        5.71328708333333      -0.334457388231374     
   3.30566208333333        6.23249500000000      -0.340928610044194     
   3.30566208333333        6.75170291666667      -0.334079321428805     
   3.30566208333333        7.27091083333333      -0.314879857993602     
   3.30566208333333        7.79011875000000      -0.286332989238710     
   3.30566208333333        8.30932666666667      -0.253252920547231     
   3.30566208333333        8.82853458333333      -0.220460801975045     
   3.30566208333333        9.34774250000000      -0.190917187155454     
   3.30566208333333        9.86695041666667      -0.165358245523307     
   3.30566208333333        10.3861583333333      -0.143123184341784     
   3.30566208333333        10.9053662500000      -0.123273920372075     
   3.30566208333333        11.4245741666667      -0.105211921019302     
   3.30566208333333        11.9437820833333      -9.030856581738342E-002
   3.30566208333333        12.4629900000000      -8.160023729621409E-002
   3.60599500000000       2.000000000000000E-003 -8.242058250535177E-002
   3.60599500000000       0.521207916666667      -9.001044643052977E-002
   3.60599500000000        1.04041583333333      -0.105249317297005     
   3.60599500000000        1.55962375000000      -0.123608572554363     
   3.60599500000000        2.07883166666667      -0.143605669131922     
   3.60599500000000        2.59803958333333      -0.165987094591819     
   3.60599500000000        3.11724750000000      -0.191767028276011     
   3.60599500000000        3.63645541666667      -0.221539549965320     
   3.60599500000000        4.15566333333333      -0.254619447921042     
   3.60599500000000        4.67487125000000      -0.288103082394011     
   3.60599500000000        5.19407916666667      -0.316927200242815     
   3.60599500000000        5.71328708333333      -0.336185964191701     
   3.60599500000000        6.23249500000000      -0.342906306445179     
   3.60599500000000        6.75170291666667      -0.336212438906237     
   3.60599500000000        7.27091083333333      -0.316952630839023     
   3.60599500000000        7.79011875000000      -0.288095613603566     
   3.60599500000000        8.30932666666667      -0.254580667734129     
   3.60599500000000        8.82853458333333      -0.221421579132411     
   3.60599500000000        9.34774250000000      -0.191663853524040     
   3.60599500000000        9.86695041666667      -0.165987819501760     
   3.60599500000000        10.3861583333333      -0.143643110501554     
   3.60599500000000        10.9053662500000      -0.123633002618205     
   3.60599500000000        11.4245741666667      -0.105242584399544     
   3.60599500000000        11.9437820833333      -8.998534191443162E-002
   3.60599500000000        12.4629900000000      -8.241223306623509E-002
   3.90632791666667       2.000000000000000E-003 -8.258817210507420E-002
   3.90632791666667       0.521207916666667      -9.059451778785055E-002
   3.90632791666667        1.04041583333333      -0.105238610667808     
   3.90632791666667        1.55962375000000      -0.123257488231992     
   3.90632791666667        2.07883166666667      -0.143051088318027     
   3.90632791666667        2.59803958333333      -0.165245067506625     
   3.90632791666667        3.11724750000000      -0.190857571236054     
   3.90632791666667        3.63645541666667      -0.220507125995123     
   3.90632791666667        4.15566333333333      -0.253482422235173     
   3.90632791666667        4.67487125000000      -0.286815292456495     
   3.90632791666667        5.19407916666667      -0.315440295919127     
   3.90632791666667        5.71328708333333      -0.334456541897094     
   3.90632791666667        6.23249500000000      -0.340928655704774     
   3.90632791666667        6.75170291666667      -0.334080223088583     
   3.90632791666667        7.27091083333333      -0.314881513516596     
   3.90632791666667        7.79011875000000      -0.286335331262828     
   3.90632791666667        8.30932666666667      -0.253256014271508     
   3.90632791666667        8.82853458333333      -0.220464802171517     
   3.90632791666667        9.34774250000000      -0.190922272253009     
   3.90632791666667        9.86695041666667      -0.165364605400786     
   3.90632791666667        10.3861583333333      -0.143131046567426     
   3.90632791666667        10.9053662500000      -0.123283479664850     
   3.90632791666667        11.4245741666667      -0.105223662133143     
   3.90632791666667        11.9437820833333      -9.032242152545866E-002
   3.90632791666667        12.4629900000000      -8.161209470837091E-002
   4.20666083333333       2.000000000000000E-003 -8.197569157998061E-002
   4.20666083333333       0.521207916666667      -9.109951543728527E-002
   4.20666083333333        1.04041583333333      -0.104964337157538     
   4.20666083333333        1.55962375000000      -0.122204497883839     
   4.20666083333333        2.07883166666667      -0.141429180226678     
   4.20666083333333        2.59803958333333      -0.163078699680397     
   4.20666083333333        3.11724750000000      -0.188200618289765     
   4.20666083333333        3.63645541666667      -0.217455244816586     
   4.20666083333333        4.15566333333333      -0.250060283935286     
   4.20666083333333        4.67487125000000      -0.282926019141092     
   4.20666083333333        5.19407916666667      -0.310976921698397     
   4.20666083333333        5.71328708333333      -0.329301899747692     
   4.20666083333333        6.23249500000000      -0.335068047082330     
   4.20666083333333        6.75170291666667      -0.327807907815203     
   4.20666083333333        7.27091083333333      -0.308875349888457     
   4.20666083333333        7.79011875000000      -0.281365086117219     
   4.20666083333333        8.30932666666667      -0.249655106269051     
   4.20666083333333        8.82853458333333      -0.217926682443488     
   4.20666083333333        9.34774250000000      -0.188917517321089     
   4.20666083333333        9.86695041666667      -0.163614663669048     
   4.20666083333333        10.3861583333333      -0.141649721660157     
   4.20666083333333        10.9053662500000      -0.122224203497893     
   4.20666083333333        11.4245741666667      -0.104923208057644     
   4.20666083333333        11.9437820833333      -9.063927201244816E-002
   4.20666083333333        12.4629900000000      -8.063410739064369E-002
   4.50699375000000       2.000000000000000E-003 -8.008904990668551E-002
   4.50699375000000       0.521207916666667      -9.051875335871716E-002
   4.50699375000000        1.04041583333333      -0.104069864277093     
   4.50699375000000        1.55962375000000      -0.120454883519589     
   4.50699375000000        2.07883166666667      -0.138832699086678     
   4.50699375000000        2.59803958333333      -0.159622553683064     
   4.50699375000000        3.11724750000000      -0.183933233700380     
   4.50699375000000        3.63645541666667      -0.212441077692340     
   4.50699375000000        4.15566333333333      -0.244289432053411     
   4.50699375000000        4.67487125000000      -0.276330963684218     
   4.50699375000000        5.19407916666667      -0.303485080115488     
   4.50699375000000        5.71328708333333      -0.320779502759850     
   4.50699375000000        6.23249500000000      -0.325517971041511     
   4.50699375000000        6.75170291666667      -0.317766256677442     
   4.50699375000000        7.27091083333333      -0.299560855216106     
   4.50699375000000        7.79011875000000      -0.274122964171302     
   4.50699375000000        8.30932666666667      -0.244897356928819     
   4.50699375000000        8.82853458333333      -0.214701893199817     
   4.50699375000000        9.34774250000000      -0.186221208378256     
   4.50699375000000        9.86695041666667      -0.161061142179126     
   4.50699375000000        10.3861583333333      -0.139361329173275     
   4.50699375000000        10.9053662500000      -0.120478512837108     
   4.50699375000000        11.4245741666667      -0.103976048945215     
   4.50699375000000        11.9437820833333      -9.015996660048237E-002
   4.50699375000000        12.4629900000000      -7.909714453359119E-002
   4.80732666666667       2.000000000000000E-003 -7.803221348242917E-002
   4.80732666666667       0.521207916666667      -8.919513972109214E-002
   4.80732666666667        1.04041583333333      -0.102538692123991     
   4.80732666666667        1.55962375000000      -0.118071937689451     
   4.80732666666667        2.07883166666667      -0.135393830797184     
   4.80732666666667        2.59803958333333      -0.155050585884663     
   4.80732666666667        3.11724750000000      -0.178201915234091     
   4.80732666666667        3.63645541666667      -0.205492503841935     
   4.80732666666667        4.15566333333333      -0.236048586239775     
   4.80732666666667        4.67487125000000      -0.266826844721814     
   4.80732666666667        5.19407916666667      -0.292808706722073     
   4.80732666666667        5.71328708333333      -0.308906851908637     
   4.80732666666667        6.23249500000000      -0.312551323563583     
   4.80732666666667        6.75170291666667      -0.304550721798385     
   4.80732666666667        7.27091083333333      -0.287954979677649     
   4.80732666666667        7.79011875000000      -0.266002740323069     
   4.80732666666667        8.30932666666667      -0.239562166526082     
   4.80732666666667        8.82853458333333      -0.210718077396536     
   4.80732666666667        9.34774250000000      -0.182752946974196     
   4.80732666666667        9.86695041666667      -0.157866432390344     
   4.80732666666667        10.3861583333333      -0.136457549576136     
   4.80732666666667        10.9053662500000      -0.118117258738849     
   4.80732666666667        11.4245741666667      -0.102332448946864     
   4.80732666666667        11.9437820833333      -8.887946223631557E-002
   4.80732666666667        12.4629900000000      -7.735035778391741E-002
   5.10765958333333       2.000000000000000E-003 -7.633042126039238E-002
   5.10765958333333       0.521207916666667      -8.760478223846332E-002
   5.10765958333333        1.04041583333333      -0.100585814910464     
   5.10765958333333        1.55962375000000      -0.115176021186081     
   5.10765958333333        2.07883166666667      -0.131266289556918     
   5.10765958333333        2.59803958333333      -0.149559889745894     
   5.10765958333333        3.11724750000000      -0.171192189310331     
   5.10765958333333        3.63645541666667      -0.196693530133910     
   5.10765958333333        4.15566333333333      -0.225248290438523     
   5.10765958333333        4.67487125000000      -0.254181594733596     
   5.10765958333333        5.19407916666667      -0.278740193778224     
   5.10765958333333        5.71328708333333      -0.293688250428052     
   5.10765958333333        6.23249500000000      -0.296517022048020     
   5.10765958333333        6.75170291666667      -0.288927005586615     
   5.10765958333333        7.27091083333333      -0.275292935513000     
   5.10765958333333        7.79011875000000      -0.256918269445547     
   5.10765958333333        8.30932666666667      -0.233035944724903     
   5.10765958333333        8.82853458333333      -0.205618969011216     
   5.10765958333333        9.34774250000000      -0.178353806928811     
   5.10765958333333        9.86695041666667      -0.153934161821157     
   5.10765958333333        10.3861583333333      -0.132998640709890     
   5.10765958333333        10.9053662500000      -0.115233194558232     
   5.10765958333333        11.4245741666667      -0.100127199128349     
   5.10765958333333        11.9437820833333      -8.710573810448526E-002
   5.10765958333333        12.4629900000000      -7.563054833640270E-002
   5.40799250000000       2.000000000000000E-003 -7.521461582480360E-002
   5.40799250000000       0.521207916666667      -8.611990031707914E-002
   5.40799250000000        1.04041583333333      -9.844131697513950E-002
   5.40799250000000        1.55962375000000      -0.111925306765157     
   5.40799250000000        2.07883166666667      -0.126616095214520     
   5.40799250000000        2.59803958333333      -0.143376813503083     
   5.40799250000000        3.11724750000000      -0.163192025123152     
   5.40799250000000        3.63645541666667      -0.186324956194896     
   5.40799250000000        4.15566333333333      -0.212009353942966     
   5.40799250000000        4.67487125000000      -0.238326542536242     
   5.40799250000000        5.19407916666667      -0.261232979353563     
   5.40799250000000        5.71328708333333      -0.275286934245500     
   5.40799250000000        6.23249500000000      -0.277899031162349     
   5.40799250000000        6.75170291666667      -0.271722207484591     
   5.40799250000000        7.27091083333333      -0.261561590877533     
   5.40799250000000        7.79011875000000      -0.246458460613405     
   5.40799250000000        8.30932666666667      -0.225161615945934     
   5.40799250000000        8.82853458333333      -0.199309331350473     
   5.40799250000000        9.34774250000000      -0.173025747331143     
   5.40799250000000        9.86695041666667      -0.149346407521621     
   5.40799250000000        10.3861583333333      -0.129030073906538     
   5.40799250000000        10.9053662500000      -0.111895258786943     
   5.40799250000000        11.4245741666667      -9.746964570052674E-002
   5.40799250000000        11.9437820833333      -8.500893062453634E-002
   5.40799250000000        12.4629900000000      -7.392665859102020E-002
   5.70832541666667       2.000000000000000E-003 -7.473336137505780E-002
   5.70832541666667       0.521207916666667      -8.489573404074503E-002
   5.70832541666667        1.04041583333333      -9.623370011005065E-002
   5.70832541666667        1.55962375000000      -0.108488849768600     
   5.70832541666667        2.07883166666667      -0.121612173173867     
   5.70832541666667        2.59803958333333      -0.136756551441396     
   5.70832541666667        3.11724750000000      -0.154624776367046     
   5.70832541666667        3.63645541666667      -0.174974324489561     
   5.70832541666667        4.15566333333333      -0.196797151320022     
   5.70832541666667        4.67487125000000      -0.219483140288034     
   5.70832541666667        5.19407916666667      -0.240649747040504     
   5.70832541666667        5.71328708333333      -0.254264200209634     
   5.70832541666667        6.23249500000000      -0.257395679808732     
   5.70832541666667        6.75170291666667      -0.253593413113145     
   5.70832541666667        7.27091083333333      -0.246488845372576     
   5.70832541666667        7.79011875000000      -0.234417565630845     
   5.70832541666667        8.30932666666667      -0.215599706854502     
   5.70832541666667        8.82853458333333      -0.191483236013733     
   5.70832541666667        9.34774250000000      -0.166625615164126     
   5.70832541666667        9.86695041666667      -0.144090709183522     
   5.70832541666667        10.3861583333333      -0.124561214697346     
   5.70832541666667        10.9053662500000      -0.108125608117639     
   5.70832541666667        11.4245741666667      -9.442847742174784E-002
   5.70832541666667        11.9437820833333      -8.263630162929901E-002
   5.70832541666667        12.4629900000000      -7.213612255098192E-002
   6.00865833333333       2.000000000000000E-003 -7.499829903609759E-002
   6.00865833333333       0.521207916666667      -8.388908213109862E-002
   6.00865833333333        1.04041583333333      -9.395926397041569E-002
   6.00865833333333        1.55962375000000      -0.104891251954827     
   6.00865833333333        2.07883166666667      -0.116401422538313     
   6.00865833333333        2.59803958333333      -0.129948946625316     
   6.00865833333333        3.11724750000000      -0.146007363059563     
   6.00865833333333        3.63645541666667      -0.163577875553742     
   6.00865833333333        4.15566333333333      -0.180351419657284     
   6.00865833333333        4.67487125000000      -0.197810985381281     
   6.00865833333333        5.19407916666667      -0.217824876199721     
   6.00865833333333        5.71328708333333      -0.231726744494875     
   6.00865833333333        6.23249500000000      -0.235939984242391     
   6.00865833333333        6.75170291666667      -0.234679003078264     
   6.00865833333333        7.27091083333333      -0.230128589850983     
   6.00865833333333        7.79011875000000      -0.220676199177285     
   6.00865833333333        8.30932666666667      -0.204015577666181     
   6.00865833333333        8.82853458333333      -0.181931631517905     
   6.00865833333333        9.34774250000000      -0.159115211211955     
   6.00865833333333        9.86695041666667      -0.138097215553553     
   6.00865833333333        10.3861583333333      -0.119529159286904     
   6.00865833333333        10.9053662500000      -0.103894875262036     
   6.00865833333333        11.4245741666667      -9.104340856805511E-002
   6.00865833333333        11.9437820833333      -8.002368247312903E-002
   6.00865833333333        12.4629900000000      -7.021104755743540E-002
   6.30899125000000       2.000000000000000E-003 -7.615800743283874E-002
   6.30899125000000       0.521207916666667      -8.282110876193693E-002
   6.30899125000000        1.04041583333333      -9.158562762943168E-002
   6.30899125000000        1.55962375000000      -0.101137514565125     
   6.30899125000000        2.07883166666667      -0.111067183120375     
   6.30899125000000        2.59803958333333      -0.123124397353701     
   6.30899125000000        3.11724750000000      -0.137802240387119     
   6.30899125000000        3.63645541666667      -0.153449799624358     
   6.30899125000000        4.15566333333333      -0.164328649512926     
   6.30899125000000        4.67487125000000      -0.174223342738008     
   6.30899125000000        5.19407916666667      -0.194104538314191     
   6.30899125000000        5.71328708333333      -0.209276268191810     
   6.30899125000000        6.23249500000000      -0.214604642598862     
   6.30899125000000        6.75170291666667      -0.215308916250524     
   6.30899125000000        7.27091083333333      -0.212865317717083     
   6.30899125000000        7.79011875000000      -0.205419936442894     
   6.30899125000000        8.30932666666667      -0.190624763850651     
   6.30899125000000        8.82853458333333      -0.171392036297808     
   6.30899125000000        9.34774250000000      -0.151024249517359     
   6.30899125000000        9.86695041666667      -0.131433436128995     
   6.30899125000000        10.3861583333333      -0.113920004479357     
   6.30899125000000        10.9053662500000      -9.920401851517785E-002
   6.30899125000000        11.4245741666667      -8.735111137481692E-002
   6.30899125000000        11.9437820833333      -7.721934759674071E-002
   6.30899125000000        12.4629900000000      -6.814683207000277E-002
   6.60932416666667       2.000000000000000E-003 -7.778535709667095E-002
   6.60932416666667       0.521207916666667      -8.099325425710520E-002
   6.60932416666667        1.04041583333333      -8.911052369822049E-002
   6.60932416666667        1.55962375000000      -9.724114430269594E-002
   6.60932416666667        2.07883166666667      -0.105595347230814     
   6.60932416666667        2.59803958333333      -0.116297027363618     
   6.60932416666667        3.11724750000000      -0.130157336314960     
   6.60932416666667        3.63645541666667      -0.146023857588227     
   6.60932416666667        4.15566333333333      -0.153191173354931     
   6.60932416666667        4.67487125000000      -0.153682327036807     
   6.60932416666667        5.19407916666667      -0.173340977799618     
   6.60932416666667        5.71328708333333      -0.188747827258360     
   6.60932416666667        6.23249500000000      -0.194393491936743     
   6.60932416666667        6.75170291666667      -0.196239638660770     
   6.60932416666667        7.27091083333333      -0.195238557268886     
   6.60932416666667        7.79011875000000      -0.189338357429532     
   6.60932416666667        8.30932666666667      -0.176886746814050     
   6.60932416666667        8.82853458333333      -0.161804032379783     
   6.60932416666667        9.34774250000000      -0.143374379729017     
   6.60932416666667        9.86695041666667      -0.124440606552627     
   6.60932416666667        10.3861583333333      -0.107888471215253     
   6.60932416666667        10.9053662500000      -9.415896002893435E-002
   6.60932416666667        11.4245741666667      -8.343268215289393E-002
   6.60932416666667        11.9437820833333      -7.428874350206108E-002
   6.60932416666667        12.4629900000000      -6.597115565501557E-002
   6.90965708333333       2.000000000000000E-003 -7.681030530346315E-002
   6.90965708333333       0.521207916666667      -7.836372402638148E-002
   6.90965708333333        1.04041583333333      -8.649816821682306E-002
   6.90965708333333        1.55962375000000      -9.312183304944832E-002
   6.90965708333333        2.07883166666667      -9.992726134829183E-002
   6.90965708333333        2.59803958333333      -0.109319569466382     
   6.90965708333333        3.11724750000000      -0.122616453820795     
   6.90965708333333        3.63645541666667      -0.140550055549784     
   6.90965708333333        4.15566333333333      -0.150422855348651     
   6.90965708333333        4.67487125000000      -0.145951791717813     
   6.90965708333333        5.19407916666667      -0.160680256945105     
   6.90965708333333        5.71328708333333      -0.171550787993232     
   6.90965708333333        6.23249500000000      -0.175977140068796     
   6.90965708333333        6.75170291666667      -0.178096235477280     
   6.90965708333333        7.27091083333333      -0.177997418147301     
   6.90965708333333        7.79011875000000      -0.173458730783371     
   6.90965708333333        8.30932666666667      -0.164287662671193     
   6.90965708333333        8.82853458333333      -0.152811548495334     
   6.90965708333333        9.34774250000000      -0.135344536306477     
   6.90965708333333        9.86695041666667      -0.117388220445568     
   6.90965708333333        10.3861583333333      -0.101740254201548     
   6.90965708333333        10.9053662500000      -8.899074392728050E-002
   6.90965708333333        11.4245741666667      -7.943736227312904E-002
   6.90965708333333        11.9437820833333      -7.131291697425753E-002
   6.90965708333333        12.4629900000000      -6.372756621490816E-002
   7.20999000000000       2.000000000000000E-003 -7.315093835378578E-002
   7.20999000000000       0.521207916666667      -7.616909630229125E-002
   7.20999000000000        1.04041583333333      -8.326978167543467E-002
   7.20999000000000        1.55962375000000      -8.863156527938224E-002
   7.20999000000000        2.07883166666667      -9.404636908550605E-002
   7.20999000000000        2.59803958333333      -0.102007856043548     
   7.20999000000000        3.11724750000000      -0.114217295914706     
   7.20999000000000        3.63645541666667      -0.132682534689136     
   7.20999000000000        4.15566333333333      -0.145663154717601     
   7.20999000000000        4.67487125000000      -0.148242561471401     
   7.20999000000000        5.19407916666667      -0.154779477409763     
   7.20999000000000        5.71328708333333      -0.157367755603926     
   7.20999000000000        6.23249500000000      -0.159505732322596     
   7.20999000000000        6.75170291666667      -0.161321382475112     
   7.20999000000000        7.27091083333333      -0.161731897245175     
   7.20999000000000        7.79011875000000      -0.158447959304335     
   7.20999000000000        8.30932666666667      -0.151904285658201     
   7.20999000000000        8.82853458333333      -0.143004975158139     
   7.20999000000000        9.34774250000000      -0.125373621304639     
   7.20999000000000        9.86695041666667      -0.110087893549653     
   7.20999000000000        10.3861583333333      -9.571677900659555E-002
   7.20999000000000        10.9053662500000      -8.397636063193065E-002
   7.20999000000000        11.4245741666667      -7.555014128732415E-002
   7.20999000000000        11.9437820833333      -6.837933624722711E-002
   7.20999000000000        12.4629900000000      -6.145802167336470E-002
