  2.000000000000000E-003  2.000000000000000E-003 -0.147538553688761     
  2.000000000000000E-003  0.521207916666667      -0.148872275957497     
  2.000000000000000E-003   1.04041583333333      -0.154912733866016     
  2.000000000000000E-003   1.55962375000000      -0.159969015243796     
  2.000000000000000E-003   2.07883166666667      -0.163353733031367     
  2.000000000000000E-003   2.59803958333333      -0.165671346106573     
  2.000000000000000E-003   3.11724750000000      -0.166713725061742     
  2.000000000000000E-003   3.63645541666667      -0.166704909235545     
  2.000000000000000E-003   4.15566333333333      -0.162437379179205     
  2.000000000000000E-003   4.67487125000000      -0.152143882279272     
  2.000000000000000E-003   5.19407916666667      -0.143550601492281     
  2.000000000000000E-003   5.71328708333333      -0.124456248270047     
  2.000000000000000E-003   6.23249500000000      -0.109443697087422     
  2.000000000000000E-003   6.75170291666667      -9.959080050798054E-002
  2.000000000000000E-003   7.27091083333333      -9.334925029371245E-002
  2.000000000000000E-003   7.79011875000000      -8.724529245547025E-002
  2.000000000000000E-003   8.30932666666667      -7.947629538290335E-002
  2.000000000000000E-003   8.82853458333333      -7.164049396862725E-002
  2.000000000000000E-003   9.34774250000000      -5.852998772934433E-002
  2.000000000000000E-003   9.86695041666667      -5.069415275489959E-002
  2.000000000000000E-003   10.3861583333333      -4.452657102504298E-002
  2.000000000000000E-003   10.9053662500000      -3.778664231089062E-002
  2.000000000000000E-003   11.4245741666667      -3.289277478335290E-002
  2.000000000000000E-003   11.9437820833333      -2.881242397271655E-002
  2.000000000000000E-003   12.4629900000000      -2.474107758541986E-002
  0.302332916666667       2.000000000000000E-003 -0.161434528946329     
  0.302332916666667       0.521207916666667      -0.155114987406728     
  0.302332916666667        1.04041583333333      -0.165911060289927     
  0.302332916666667        1.55962375000000      -0.173851309052631     
  0.302332916666667        2.07883166666667      -0.179052991340713     
  0.302332916666667        2.59803958333333      -0.182578971892536     
  0.302332916666667        3.11724750000000      -0.183493984241944     
  0.302332916666667        3.63645541666667      -0.179388707078346     
  0.302332916666667        4.15566333333333      -0.165536356215944     
  0.302332916666667        4.67487125000000      -0.157324212660742     
  0.302332916666667        5.19407916666667      -0.151830181340495     
  0.302332916666667        5.71328708333333      -0.134108705907962     
  0.302332916666667        6.23249500000000      -0.118259996074066     
  0.302332916666667        6.75170291666667      -0.106939184415044     
  0.302332916666667        7.27091083333333      -9.923904863614688E-002
  0.302332916666667        7.79011875000000      -9.184932990585395E-002
  0.302332916666667        8.30932666666667      -8.315689567146888E-002
  0.302332916666667        8.82853458333333      -7.449367868579114E-002
  0.302332916666667        9.34774250000000      -6.144848091840857E-002
  0.302332916666667        9.86695041666667      -5.323675600098889E-002
  0.302332916666667        10.3861583333333      -4.634691159731838E-002
  0.302332916666667        10.9053662500000      -3.928567441520410E-002
  0.302332916666667        11.4245741666667      -3.410949387085477E-002
  0.302332916666667        11.9437820833333      -2.977228846669819E-002
  0.302332916666667        12.4629900000000      -2.552479289185392E-002
  0.602665833333333       2.000000000000000E-003 -0.167909525149016     
  0.602665833333333       0.521207916666667      -0.166249067253799     
  0.602665833333333        1.04041583333333      -0.176954999655602     
  0.602665833333333        1.55962375000000      -0.188056798947580     
  0.602665833333333        2.07883166666667      -0.195860588593335     
  0.602665833333333        2.59803958333333      -0.201391681904559     
  0.602665833333333        3.11724750000000      -0.202773757124148     
  0.602665833333333        3.63645541666667      -0.196136326982265     
  0.602665833333333        4.15566333333333      -0.177655949075363     
  0.602665833333333        4.67487125000000      -0.164916179946249     
  0.602665833333333        5.19407916666667      -0.159113002739910     
  0.602665833333333        5.71328708333333      -0.143326507148094     
  0.602665833333333        6.23249500000000      -0.127046477244951     
  0.602665833333333        6.75170291666667      -0.114246823127653     
  0.602665833333333        7.27091083333333      -0.104922938632071     
  0.602665833333333        7.79011875000000      -9.618281535518443E-002
  0.602665833333333        8.30932666666667      -8.624201462730222E-002
  0.602665833333333        8.82853458333333      -7.673338938117659E-002
  0.602665833333333        9.34774250000000      -6.520476215726222E-002
  0.602665833333333        9.86695041666667      -5.621091342645913E-002
  0.602665833333333        10.3861583333333      -4.819372219458971E-002
  0.602665833333333        10.9053662500000      -4.093946658500605E-002
  0.602665833333333        11.4245741666667      -3.547234987387197E-002
  0.602665833333333        11.9437820833333      -3.079635385759590E-002
  0.602665833333333        12.4629900000000      -2.630862802172233E-002
  0.902998750000000       2.000000000000000E-003 -0.164903942903456     
  0.902998750000000       0.521207916666667      -0.174925480012021     
  0.902998750000000        1.04041583333333      -0.188277041581263     
  0.902998750000000        1.55962375000000      -0.202676960566950     
  0.902998750000000        2.07883166666667      -0.213791073978265     
  0.902998750000000        2.59803958333333      -0.222184869220534     
  0.902998750000000        3.11724750000000      -0.224910749723214     
  0.902998750000000        3.63645541666667      -0.218125699357343     
  0.902998750000000        4.15566333333333      -0.200393718684122     
  0.902998750000000        4.67487125000000      -0.183501016838252     
  0.902998750000000        5.19407916666667      -0.170809971302201     
  0.902998750000000        5.71328708333333      -0.153566179147534     
  0.902998750000000        6.23249500000000      -0.136016181462942     
  0.902998750000000        6.75170291666667      -0.121499159246449     
  0.902998750000000        7.27091083333333      -0.110377484878457     
  0.902998750000000        7.79011875000000      -0.100228835412421     
  0.902998750000000        8.30932666666667      -8.923720176338146E-002
  0.902998750000000        8.82853458333333      -7.846999440702584E-002
  0.902998750000000        9.34774250000000      -6.791520327859468E-002
  0.902998750000000        9.86695041666667      -5.854262086348417E-002
  0.902998750000000        10.3861583333333      -4.996933034004922E-002
  0.902998750000000        10.9053662500000      -4.266434021536324E-002
  0.902998750000000        11.4245741666667      -3.691644764626759E-002
  0.902998750000000        11.9437820833333      -3.185481197374940E-002
  0.902998750000000        12.4629900000000      -2.707928080895619E-002
   1.20333166666667       2.000000000000000E-003 -0.163044776150964     
   1.20333166666667       0.521207916666667      -0.180925167374515     
   1.20333166666667        1.04041583333333      -0.199425265909198     
   1.20333166666667        1.55962375000000      -0.217868756347077     
   1.20333166666667        2.07883166666667      -0.233038766392187     
   1.20333166666667        2.59803958333333      -0.244795488773735     
   1.20333166666667        3.11724750000000      -0.249385704867936     
   1.20333166666667        3.63645541666667      -0.243311178254261     
   1.20333166666667        4.15566333333333      -0.226586154968835     
   1.20333166666667        4.67487125000000      -0.205999572564884     
   1.20333166666667        5.19407916666667      -0.185969101389841     
   1.20333166666667        5.71328708333333      -0.164986590291934     
   1.20333166666667        6.23249500000000      -0.145217813795780     
   1.20333166666667        6.75170291666667      -0.128669798288380     
   1.20333166666667        7.27091083333333      -0.115592089337050     
   1.20333166666667        7.79011875000000      -0.103962746114113     
   1.20333166666667        8.30932666666667      -9.217555413037179E-002
   1.20333166666667        8.82853458333333      -8.069682975459248E-002
   1.20333166666667        9.34774250000000      -7.003379466305371E-002
   1.20333166666667        9.86695041666667      -6.035636910760060E-002
   1.20333166666667        10.3861583333333      -5.167204672584638E-002
   1.20333166666667        10.9053662500000      -4.437488562278266E-002
   1.20333166666667        11.4245741666667      -3.835785964703121E-002
   1.20333166666667        11.9437820833333      -3.290660220735855E-002
   1.20333166666667        12.4629900000000      -2.781849819630795E-002
   1.50366458333333       2.000000000000000E-003 -0.164328563420011     
   1.50366458333333       0.521207916666667      -0.186971549105903     
   1.50366458333333        1.04041583333333      -0.210683666086341     
   1.50366458333333        1.55962375000000      -0.233874710476063     
   1.50366458333333        2.07883166666667      -0.253851127168753     
   1.50366458333333        2.59803958333333      -0.268868073050383     
   1.50366458333333        3.11724750000000      -0.275178081513310     
   1.50366458333333        3.63645541666667      -0.269597993867397     
   1.50366458333333        4.15566333333333      -0.252195083419617     
   1.50366458333333        4.67487125000000      -0.227928988423551     
   1.50366458333333        5.19407916666667      -0.202051397181510     
   1.50366458333333        5.71328708333333      -0.176944674987477     
   1.50366458333333        6.23249500000000      -0.154444972009679     
   1.50366458333333        6.75170291666667      -0.135670990335910     
   1.50366458333333        7.27091083333333      -0.120547335335484     
   1.50366458333333        7.79011875000000      -0.107378408149427     
   1.50366458333333        8.30932666666667      -9.477205030552099E-002
   1.50366458333333        8.82853458333333      -8.280040724283726E-002
   1.50366458333333        9.34774250000000      -7.183396767908461E-002
   1.50366458333333        9.86695041666667      -6.196698848814269E-002
   1.50366458333333        10.3861583333333      -5.330216721079362E-002
   1.50366458333333        10.9053662500000      -4.598744116326148E-002
   1.50366458333333        11.4245741666667      -3.970717978951262E-002
   1.50366458333333        11.9437820833333      -3.390520760043518E-002
   1.50366458333333        12.4629900000000      -2.851039239098376E-002
   1.80399750000000       2.000000000000000E-003 -0.168614037631102     
   1.80399750000000       0.521207916666667      -0.194291426568259     
   1.80399750000000        1.04041583333333      -0.222546251218615     
   1.80399750000000        1.55962375000000      -0.251127455038384     
   1.80399750000000        2.07883166666667      -0.276185395543417     
   1.80399750000000        2.59803958333333      -0.293910790576109     
   1.80399750000000        3.11724750000000      -0.301182393986799     
   1.80399750000000        3.63645541666667      -0.295332518083253     
   1.80399750000000        4.15566333333333      -0.276195820050987     
   1.80399750000000        4.67487125000000      -0.248192290019746     
   1.80399750000000        5.19407916666667      -0.217573042321212     
   1.80399750000000        5.71328708333333      -0.188602426387419     
   1.80399750000000        6.23249500000000      -0.163320112312423     
   1.80399750000000        6.75170291666667      -0.142331277715424     
   1.80399750000000        7.27091083333333      -0.125189504391064     
   1.80399750000000        7.79011875000000      -0.110499597582880     
   1.80399750000000        8.30932666666667      -9.701326382181091E-002
   1.80399750000000        8.82853458333333      -8.459207284904524E-002
   1.80399750000000        9.34774250000000      -7.340354241260459E-002
   1.80399750000000        9.86695041666667      -6.346512216875141E-002
   1.80399750000000        10.3861583333333      -5.482230710535666E-002
   1.80399750000000        10.9053662500000      -4.743558435653080E-002
   1.80399750000000        11.4245741666667      -4.089586027882045E-002
   1.80399750000000        11.9437820833333      -3.480550293069668E-002
   1.80399750000000        12.4629900000000      -2.914932325837732E-002
   2.10433041666667       2.000000000000000E-003 -0.175763864412992     
   2.10433041666667       0.521207916666667      -0.203031948183630     
   2.10433041666667        1.04041583333333      -0.235095198537904     
   2.10433041666667        1.55962375000000      -0.269676101214739     
   2.10433041666667        2.07883166666667      -0.299550373886661     
   2.10433041666667        2.59803958333333      -0.319246446970125     
   2.10433041666667        3.11724750000000      -0.326387752638843     
   2.10433041666667        3.63645541666667      -0.319247477962335     
   2.10433041666667        4.15566333333333      -0.297726094602652     
   2.10433041666667        4.67487125000000      -0.266134269235528     
   2.10433041666667        5.19407916666667      -0.231521713474788     
   2.10433041666667        5.71328708333333      -0.199222071586845     
   2.10433041666667        6.23249500000000      -0.171434510225648     
   2.10433041666667        6.75170291666667      -0.148411946046599     
   2.10433041666667        7.27091083333333      -0.129448506969280     
   2.10433041666667        7.79011875000000      -0.113343471040376     
   2.10433041666667        8.30932666666667      -9.899678405249906E-002
   2.10433041666667        8.82853458333333      -8.614855055817244E-002
   2.10433041666667        9.34774250000000      -7.479950785922228E-002
   2.10433041666667        9.86695041666667      -6.483859830480650E-002
   2.10433041666667        10.3861583333333      -5.618481590988746E-002
   2.10433041666667        10.9053662500000      -4.867329632106914E-002
   2.10433041666667        11.4245741666667      -4.188366562700820E-002
   2.10433041666667        11.9437820833333      -3.556899341355446E-002
   2.10433041666667        12.4629900000000      -2.974341174070281E-002
   2.40466333333333       2.000000000000000E-003 -0.186105127187949     
   2.40466333333333       0.521207916666667      -0.212448974512170     
   2.40466333333333        1.04041583333333      -0.247619617645035     
   2.40466333333333        1.55962375000000      -0.288350202916347     
   2.40466333333333        2.07883166666667      -0.322864506370671     
   2.40466333333333        2.59803958333333      -0.343851001078914     
   2.40466333333333        3.11724750000000      -0.349812007606532     
   2.40466333333333        3.63645541666667      -0.340417293639664     
   2.40466333333333        4.15566333333333      -0.316061765396449     
   2.40466333333333        4.67487125000000      -0.281153723587814     
   2.40466333333333        5.19407916666667      -0.243260718477621     
   2.40466333333333        5.71328708333333      -0.208293362190215     
   2.40466333333333        6.23249500000000      -0.178451632090617     
   2.40466333333333        6.75170291666667      -0.153707658738467     
   2.40466333333333        7.27091083333333      -0.133225172588105     
   2.40466333333333        7.79011875000000      -0.115883462009530     
   2.40466333333333        8.30932666666667      -0.100762096949935     
   2.40466333333333        8.82853458333333      -8.751813838208874E-002
   2.40466333333333        9.34774250000000      -7.603005623506336E-002
   2.40466333333333        9.86695041666667      -6.605244888704417E-002
   2.40466333333333        10.3861583333333      -5.735880092944232E-002
   2.40466333333333        10.9053662500000      -4.967790534983608E-002
   2.40466333333333        11.4245741666667      -4.264007816303453E-002
   2.40466333333333        11.9437820833333      -3.615760760471423E-002
   2.40466333333333        12.4629900000000      -3.031023943971202E-002
   2.70499625000000       2.000000000000000E-003 -0.198500140461494     
   2.70499625000000       0.521207916666667      -0.220233754072254     
   2.70499625000000        1.04041583333333      -0.258288983435397     
   2.70499625000000        1.55962375000000      -0.305461787826149     
   2.70499625000000        2.07883166666667      -0.344428138958585     
   2.70499625000000        2.59803958333333      -0.366216919041812     
   2.70499625000000        3.11724750000000      -0.370343782466989     
   2.70499625000000        3.63645541666667      -0.358129395665497     
   2.70499625000000        4.15566333333333      -0.330774682704032     
   2.70499625000000        4.67487125000000      -0.292954738648044     
   2.70499625000000        5.19407916666667      -0.252492700126758     
   2.70499625000000        5.71328708333333      -0.215532347311025     
   2.70499625000000        6.23249500000000      -0.184135744490076     
   2.70499625000000        6.75170291666667      -0.158039321688538     
   2.70499625000000        7.27091083333333      -0.136367636339836     
   2.70499625000000        7.79011875000000      -0.118051027638504     
   2.70499625000000        8.30932666666667      -0.102266432086322     
   2.70499625000000        8.82853458333333      -8.867313664129466E-002
   2.70499625000000        9.34774250000000      -7.706080038699399E-002
   2.70499625000000        9.86695041666667      -6.706905791739398E-002
   2.70499625000000        10.3861583333333      -5.831951369716759E-002
   2.70499625000000        10.9053662500000      -5.044290334822516E-002
   2.70499625000000        11.4245741666667      -4.313816046079434E-002
   2.70499625000000        11.9437820833333      -3.649852725642356E-002
   2.70499625000000        12.4629900000000      -3.086037293623722E-002
   3.00532916666667       2.000000000000000E-003 -0.208998483049294     
   3.00532916666667       0.521207916666667      -0.221707987643169     
   3.00532916666667        1.04041583333333      -0.264991111435865     
   3.00532916666667        1.55962375000000      -0.319165394232825     
   3.00532916666667        2.07883166666667      -0.362109866374114     
   3.00532916666667        2.59803958333333      -0.384413917891994     
   3.00532916666667        3.11724750000000      -0.386676394519448     
   3.00532916666667        3.63645541666667      -0.371723199130120     
   3.00532916666667        4.15566333333333      -0.341605728612425     
   3.00532916666667        4.67487125000000      -0.301442359489108     
   3.00532916666667        5.19407916666667      -0.259122185241310     
   3.00532916666667        5.71328708333333      -0.220796588728167     
   3.00532916666667        6.23249500000000      -0.188324837990943     
   3.00532916666667        6.75170291666667      -0.161257721580013     
   3.00532916666667        7.27091083333333      -0.138731272014917     
   3.00532916666667        7.79011875000000      -0.119734792014794     
   3.00532916666667        8.30932666666667      -0.103453060460958     
   3.00532916666667        8.82853458333333      -8.956655784207825E-002
   3.00532916666667        9.34774250000000      -7.785087482546506E-002
   3.00532916666667        9.86695041666667      -6.784880278105589E-002
   3.00532916666667        10.3861583333333      -5.903561047012958E-002
   3.00532916666667        10.9053662500000      -5.097100528821991E-002
   3.00532916666667        11.4245741666667      -4.335937154206974E-002
   3.00532916666667        11.9437820833333      -3.653402747929264E-002
   3.00532916666667        12.4629900000000      -3.137466412854503E-002
   3.30566208333333       2.000000000000000E-003 -0.210125917258000     
   3.30566208333333       0.521207916666667      -0.214519605620914     
   3.30566208333333        1.04041583333333      -0.266943536680520     
   3.30566208333333        1.55962375000000      -0.327936790774294     
   3.30566208333333        2.07883166666667      -0.373778032269643     
   3.30566208333333        2.59803958333333      -0.396411085894769     
   3.30566208333333        3.11724750000000      -0.397370716055689     
   3.30566208333333        3.63645541666667      -0.380446085242783     
   3.30566208333333        4.15566333333333      -0.348296890667756     
   3.30566208333333        4.67487125000000      -0.306567442239677     
   3.30566208333333        5.19407916666667      -0.263117210246283     
   3.30566208333333        5.71328708333333      -0.223998846971188     
   3.30566208333333        6.23249500000000      -0.190897297334277     
   3.30566208333333        6.75170291666667      -0.163244164927336     
   3.30566208333333        7.27091083333333      -0.140200750188640     
   3.30566208333333        7.79011875000000      -0.120802616442274     
   3.30566208333333        8.30932666666667      -0.104227491828232     
   3.30566208333333        8.82853458333333      -9.015357189289182E-002
   3.30566208333333        9.34774250000000      -7.836244581153923E-002
   3.30566208333333        9.86695041666667      -6.834541893525453E-002
   3.30566208333333        10.3861583333333      -5.948220028107940E-002
   3.30566208333333        10.9053662500000      -5.127610345414858E-002
   3.30566208333333        11.4245741666667      -4.337333292925328E-002
   3.30566208333333        11.9437820833333      -3.637264082096448E-002
   3.30566208333333        12.4629900000000      -3.183389635347748E-002
   3.60599500000000       2.000000000000000E-003 -0.203614327401464     
   3.60599500000000       0.521207916666667      -0.208199601671082     
   3.60599500000000        1.04041583333333      -0.266877704815661     
   3.60599500000000        1.55962375000000      -0.330934655804799     
   3.60599500000000        2.07883166666667      -0.377858800407268     
   3.60599500000000        2.59803958333333      -0.400613248203748     
   3.60599500000000        3.11724750000000      -0.401124503907859     
   3.60599500000000        3.63645541666667      -0.383487274880237     
   3.60599500000000        4.15566333333333      -0.350571137690709     
   3.60599500000000        4.67487125000000      -0.308282732120294     
   3.60599500000000        5.19407916666667      -0.264453365715602     
   3.60599500000000        5.71328708333333      -0.225075843571513     
   3.60599500000000        6.23249500000000      -0.191767028276011     
   3.60599500000000        6.75170291666667      -0.163917843662035     
   3.60599500000000        7.27091083333333      -0.140701360782181     
   3.60599500000000        7.79011875000000      -0.121170475761335     
   3.60599500000000        8.30932666666667      -0.104498698579915     
   3.60599500000000        8.82853458333333      -9.036145217719727E-002
   3.60599500000000        9.34774250000000      -7.854358019379620E-002
   3.60599500000000        9.86695041666667      -6.852075861235483E-002
   3.60599500000000        10.3861583333333      -5.963960413812728E-002
   3.60599500000000        10.9053662500000      -5.138099321119805E-002
   3.60599500000000        11.4245741666667      -4.335479842404732E-002
   3.60599500000000        11.9437820833333      -3.628903943358242E-002
   3.60599500000000        12.4629900000000      -3.230487770527194E-002
   3.90632791666667       2.000000000000000E-003 -0.210120149054433     
   3.90632791666667       0.521207916666667      -0.214509286030106     
   3.90632791666667        1.04041583333333      -0.266937312918943     
   3.90632791666667        1.55962375000000      -0.327933154690010     
   3.90632791666667        2.07883166666667      -0.373775650288954     
   3.90632791666667        2.59803958333333      -0.396409684681941     
   3.90632791666667        3.11724750000000      -0.397370068412757     
   3.90632791666667        3.63645541666667      -0.380446037000930     
   3.90632791666667        4.15566333333333      -0.348297444589628     
   3.90632791666667        4.67487125000000      -0.306568858508051     
   3.90632791666667        5.19407916666667      -0.263119647449158     
   3.90632791666667        5.71328708333333      -0.224002186993300     
   3.90632791666667        6.23249500000000      -0.190901554418816     
   3.90632791666667        6.75170291666667      -0.163249460366890     
   3.90632791666667        7.27091083333333      -0.140207076600805     
   3.90632791666667        7.79011875000000      -0.120809919864483     
   3.90632791666667        8.30932666666667      -0.104235942716679     
   3.90632791666667        8.82853458333333      -9.016357050438936E-002
   3.90632791666667        9.34774250000000      -7.837448917792250E-002
   3.90632791666667        9.86695041666667      -6.836012523956678E-002
   3.90632791666667        10.3861583333333      -5.950023767912695E-002
   3.90632791666667        10.9053662500000      -5.129781433019250E-002
   3.90632791666667        11.4245741666667      -4.339894209952730E-002
   3.90632791666667        11.9437820833333      -3.640157627211644E-002
   3.90632791666667        12.4629900000000      -3.186041140021659E-002
   4.20666083333333       2.000000000000000E-003 -0.208987900013229     
   4.20666083333333       0.521207916666667      -0.221692868911585     
   4.20666083333333        1.04041583333333      -0.264980507450713     
   4.20666083333333        1.55962375000000      -0.319158563382819     
   4.20666083333333        2.07883166666667      -0.362105247521571     
   4.20666083333333        2.59803958333333      -0.384411132498724     
   4.20666083333333        3.11724750000000      -0.386675117876600     
   4.20666083333333        3.63645541666667      -0.371723055137390     
   4.20666083333333        4.15566333333333      -0.341606813364253     
   4.20666083333333        4.67487125000000      -0.301445253307811     
   4.20666083333333        5.19407916666667      -0.259127094645095     
   4.20666083333333        5.71328708333333      -0.220803298287545     
   4.20666083333333        6.23249500000000      -0.188333366328805     
   4.20666083333333        6.75170291666667      -0.161268275145259     
   4.20666083333333        7.27091083333333      -0.138743828024412     
   4.20666083333333        7.79011875000000      -0.119749269871633     
   4.20666083333333        8.30932666666667      -0.103469839028903     
   4.20666083333333        8.82853458333333      -8.958645115084947E-002
   4.20666083333333        9.34774250000000      -7.787484712603920E-002
   4.20666083333333        9.86695041666667      -6.787801293508479E-002
   4.20666083333333        10.3861583333333      -5.907130192425686E-002
   4.20666083333333        10.9053662500000      -5.101383356682983E-002
   4.20666083333333        11.4245741666667      -4.340939523705604E-002
   4.20666083333333        11.9437820833333      -3.658941460890858E-002
   4.20666083333333        12.4629900000000      -3.142871413744018E-002
   4.50699375000000       2.000000000000000E-003 -0.198484986073698     
   4.50699375000000       0.521207916666667      -0.220216574864406     
   4.50699375000000        1.04041583333333      -0.258275737006123     
   4.50699375000000        1.55962375000000      -0.305452398239259     
   4.50699375000000        2.07883166666667      -0.344421578094576     
   4.50699375000000        2.59803958333333      -0.366212876232714     
   4.50699375000000        3.11724750000000      -0.370341845862835     
   4.50699375000000        3.63645541666667      -0.358129155686292     
   4.50699375000000        4.15566333333333      -0.330776397237655     
   4.50699375000000        4.67487125000000      -0.292959201277952     
   4.50699375000000        5.19407916666667      -0.252500130801778     
   4.50699375000000        5.71328708333333      -0.215542474775481     
   4.50699375000000        6.23249500000000      -0.184148559400831     
   4.50699375000000        6.75170291666667      -0.158055072538344     
   4.50699375000000        7.27091083333333      -0.136386252864555     
   4.50699375000000        7.79011875000000      -0.118072444371901     
   4.50699375000000        8.30932666666667      -0.102291273117855     
   4.50699375000000        8.82853458333333      -8.870264778946256E-002
   4.50699375000000        9.34774250000000      -7.709641669040285E-002
   4.50699375000000        9.86695041666667      -6.711237257044485E-002
   4.50699375000000        10.3861583333333      -5.837216808779292E-002
   4.50699375000000        10.9053662500000      -5.050584851439831E-002
   4.50699375000000        11.4245741666667      -4.321117912521046E-002
   4.50699375000000        11.9437820833333      -3.657994074857859E-002
   4.50699375000000        12.4629900000000      -3.094630186883388E-002
   4.80732666666667       2.000000000000000E-003 -0.186085284220894     
   4.80732666666667       0.521207916666667      -0.212429845591029     
   4.80732666666667        1.04041583333333      -0.247604181276814     
   4.80732666666667        1.55962375000000      -0.288338686189634     
   4.80732666666667        2.07883166666667      -0.322856266793732     
   4.80732666666667        2.59803958333333      -0.343845784545270     
   4.80732666666667        3.11724750000000      -0.349809497508740     
   4.80732666666667        3.63645541666667      -0.340417122098810     
   4.80732666666667        4.15566333333333      -0.316064335193072     
   4.80732666666667        4.67487125000000      -0.281159887138849     
   4.80732666666667        5.19407916666667      -0.243270780416546     
   4.80732666666667        5.71328708333333      -0.208306961116885     
   4.80732666666667        6.23249500000000      -0.178468751599458     
   4.80732666666667        6.75170291666667      -0.153728521980584     
   4.80732666666667        7.27091083333333      -0.133249648513451     
   4.80732666666667        7.79011875000000      -0.115911498024008     
   4.80732666666667        8.30932666666667      -0.100794605101124     
   4.80732666666667        8.82853458333333      -8.755684032861155E-002
   4.80732666666667        9.34774250000000      -7.607682921512314E-002
   4.80732666666667        9.86695041666667      -6.610928159774976E-002
   4.80732666666667        10.3861583333333      -5.742758458972556E-002
   4.80732666666667        10.9053662500000      -4.975976608246842E-002
   4.80732666666667        11.4245741666667      -4.273500838101232E-002
   4.80732666666667        11.9437820833333      -3.626453108298136E-002
   4.80732666666667        12.4629900000000      -3.042781803634752E-002
   5.10765958333333       2.000000000000000E-003 -0.175739012237008     
   5.10765958333333       0.521207916666667      -0.203009917888485     
   5.10765958333333        1.04041583333333      -0.235077544896483     
   5.10765958333333        1.55962375000000      -0.269662768584125     
   5.10765958333333        2.07883166666667      -0.299540669108185     
   5.10765958333333        2.59803958333333      -0.319240191101075     
   5.10765958333333        3.11724750000000      -0.326384796727688     
   5.10765958333333        3.63645541666667      -0.319247544747099     
   5.10765958333333        4.15566333333333      -0.297729661611401     
   5.10765958333333        4.67487125000000      -0.266142288300963     
   5.10765958333333        5.19407916666667      -0.231534431651209     
   5.10765958333333        5.71328708333333      -0.199239145612998     
   5.10765958333333        6.23249500000000      -0.171455907235085     
   5.10765958333333        6.75170291666667      -0.148437837102759     
   5.10765958333333        7.27091083333333      -0.129478646990664     
   5.10765958333333        7.79011875000000      -0.113377894087262     
   5.10765958333333        8.30932666666667      -9.903683497965581E-002
   5.10765958333333        8.82853458333333      -8.619628882125321E-002
   5.10765958333333        9.34774250000000      -7.485705254368494E-002
   5.10765958333333        9.86695041666667      -6.490830685731477E-002
   5.10765958333333        10.3861583333333      -5.626886250973315E-002
   5.10765958333333        10.9053662500000      -4.877288662477728E-002
   5.10765958333333        11.4245741666667      -4.199922868978327E-002
   5.10765958333333        11.9437820833333      -3.570032093076444E-002
   5.10765958333333        12.4629900000000      -2.989021359575578E-002
   5.40799250000000       2.000000000000000E-003 -0.168583788190301     
   5.40799250000000       0.521207916666667      -0.194265782939357     
   5.40799250000000        1.04041583333333      -0.222526253049243     
   5.40799250000000        1.55962375000000      -0.251112405766937     
   5.40799250000000        2.07883166666667      -0.276174398370865     
   5.40799250000000        2.59803958333333      -0.293903652504695     
   5.40799250000000        3.11724750000000      -0.301179115105284     
   5.40799250000000        3.63645541666667      -0.295333051947866     
   5.40799250000000        4.15566333333333      -0.276200649740220     
   5.40799250000000        4.67487125000000      -0.248202299814573     
   5.40799250000000        5.19407916666667      -0.217588439384905     
   5.40799250000000        5.71328708333333      -0.188622908015869     
   5.40799250000000        6.23249500000000      -0.163345711023417     
   5.40799250000000        6.75170291666667      -0.142362102166390     
   5.40799250000000        7.27091083333333      -0.125225205575900     
   5.40799250000000        7.79011875000000      -0.110540498584062     
   5.40799250000000        8.30932666666667      -9.706114411098050E-002
   5.40799250000000        8.82853458333333      -8.464908100473353E-002
   5.40799250000000        9.34774250000000      -7.347171731365772E-002
   5.40799250000000        9.86695041666667      -6.354719281473989E-002
   5.40799250000000        10.3861583333333      -5.492082119670801E-002
   5.40799250000000        10.9053662500000      -4.755187131036133E-002
   5.40799250000000        11.4245741666667      -4.103059858850486E-002
   5.40799250000000        11.9437820833333      -3.495944690602222E-002
   5.40799250000000        12.4629900000000      -2.932263042807900E-002
   5.70832541666667       2.000000000000000E-003 -0.164292201261586     
   5.70832541666667       0.521207916666667      -0.186941542197911     
   5.70832541666667        1.04041583333333      -0.210661132381318     
   5.70832541666667        1.55962375000000      -0.233858004354190     
   5.70832541666667        2.07883166666667      -0.253838892747419     
   5.70832541666667        2.59803958333333      -0.268860183746574     
   5.70832541666667        3.11724750000000      -0.275174720747068     
   5.70832541666667        3.63645541666667      -0.269599178174368     
   5.70832541666667        4.15566333333333      -0.252201411379733     
   5.70832541666667        4.67487125000000      -0.227941088960302     
   5.70832541666667        5.19407916666667      -0.202069374440393     
   5.70832541666667        5.71328708333333      -0.176968417732711     
   5.70832541666667        6.23249500000000      -0.154474646290820     
   5.70832541666667        6.75170291666667      -0.135706646986696     
   5.70832541666667        7.27091083333333      -0.120588661460612     
   5.70832541666667        7.79011875000000      -0.107426103429794     
   5.70832541666667        8.30932666666667      -9.482832759856163E-002
   5.70832541666667        8.82853458333333      -8.286725816739136E-002
   5.70832541666667        9.34774250000000      -7.191297939221107E-002
   5.70832541666667        9.86695041666667      -6.206114641044056E-002
   5.70832541666667        10.3861583333333      -5.341453320282072E-002
   5.70832541666667        10.9053662500000      -4.611950115567207E-002
   5.70832541666667        11.4245741666667      -3.985970433915220E-002
   5.70832541666667        11.9437820833333      -3.407963624210246E-002
   5.70832541666667        12.4629900000000      -2.870736229691625E-002
   6.00865833333333       2.000000000000000E-003 -0.163001242224546     
   6.00865833333333       0.521207916666667      -0.180890033441401     
   6.00865833333333        1.04041583333333      -0.199400097762723     
   6.00865833333333        1.55962375000000      -0.217850372574555     
   6.00865833333333        2.07883166666667      -0.233025385308868     
   6.00865833333333        2.59803958333333      -0.244786965102201     
   6.00865833333333        3.11724750000000      -0.249382315286803     
   6.00865833333333        3.63645541666667      -0.243313173966091     
   6.00865833333333        4.15566333333333      -0.226594163750822     
   6.00865833333333        4.67487125000000      -0.206013836725029     
   6.00865833333333        5.19407916666667      -0.185989419446140     
   6.00865833333333        5.71328708333333      -0.165013337769346     
   6.00865833333333        6.23249500000000      -0.145251373942310     
   6.00865833333333        6.75170291666667      -0.128710194145111     
   6.00865833333333        7.27091083333333      -0.115639131565192     
   6.00865833333333        7.79011875000000      -0.104017522454672     
   6.00865833333333        8.30932666666667      -9.224064790384587E-002
   6.00865833333333        8.82853458333333      -8.077397147541762E-002
   6.00865833333333        9.34774250000000      -7.012410000085684E-002
   6.00865833333333        9.86695041666667      -6.046262584241417E-002
   6.00865833333333        10.3861583333333      -5.179782677618585E-002
   6.00865833333333        10.9053662500000      -4.452189295230351E-002
   6.00865833333333        11.4245741666667      -3.852694508916244E-002
   6.00865833333333        11.9437820833333      -3.309948042745407E-002
   6.00865833333333        12.4629900000000      -2.803642613345547E-002
   6.30899125000000       2.000000000000000E-003 -0.164851922771098     
   6.30899125000000       0.521207916666667      -0.174884932561026     
   6.30899125000000        1.04041583333333      -0.188249425748315     
   6.30899125000000        1.55962375000000      -0.202656874251871     
   6.30899125000000        2.07883166666667      -0.213776606664631     
   6.30899125000000        2.59803958333333      -0.222175795031168     
   6.30899125000000        3.11724750000000      -0.224907446124513     
   6.30899125000000        3.63645541666667      -0.218128512287847     
   6.30899125000000        4.15566333333333      -0.200403528028847     
   6.30899125000000        4.67487125000000      -0.183517301239644     
   6.30899125000000        5.19407916666667      -0.170832096504119     
   6.30899125000000        5.71328708333333      -0.153595553641473     
   6.30899125000000        6.23249500000000      -0.136053392911096     
   6.30899125000000        6.75170291666667      -0.121544178071446     
   6.30899125000000        7.27091083333333      -0.110430262138563     
   6.30899125000000        7.79011875000000      -0.100290750192271     
   6.30899125000000        8.30932666666667      -8.931079160955555E-002
   6.30899125000000        8.82853458333333      -7.855685066998151E-002
   6.30899125000000        9.34774250000000      -6.801738850425655E-002
   6.30899125000000        9.86695041666667      -5.866121395023558E-002
   6.30899125000000        10.3861583333333      -5.010816779863245E-002
   6.30899125000000        10.9053662500000      -4.282554632832204E-002
   6.30899125000000        11.4245741666667      -3.710093531621592E-002
   6.30899125000000        11.9437820833333      -3.206440565943017E-002
   6.30899125000000        12.4629900000000      -2.731585311232407E-002
   6.60932416666667       2.000000000000000E-003 -0.167848599234668     
   6.60932416666667       0.521207916666667      -0.166204527042109     
   6.60932416666667        1.04041583333333      -0.176925037558716     
   6.60932416666667        1.55962375000000      -0.188034864265252     
   6.60932416666667        2.07883166666667      -0.195845049390368     
   6.60932416666667        2.59803958333333      -0.201382117687847     
   6.60932416666667        3.11724750000000      -0.202770522514602     
   6.60932416666667        3.63645541666667      -0.196139794583271     
   6.60932416666667        4.15566333333333      -0.177667112804606     
   6.60932416666667        4.67487125000000      -0.164933860447157     
   6.60932416666667        5.19407916666667      -0.159136131586242     
   6.60932416666667        5.71328708333333      -0.143358077903210     
   6.60932416666667        6.23249500000000      -0.127087106558231     
   6.60932416666667        6.75170291666667      -0.114296300564208     
   6.60932416666667        7.27091083333333      -0.104981339530334     
   6.60932416666667        7.79011875000000      -9.625163718354492E-002
   6.60932416666667        8.30932666666667      -8.632304411232629E-002
   6.60932416666667        8.82853458333333      -7.682841307566660E-002
   6.60932416666667        9.34774250000000      -6.531947994667550E-002
   6.60932416666667        9.86695041666667      -5.634212750172163E-002
   6.60932416666667        10.3861583333333      -4.834518243847930E-002
   6.60932416666667        10.9053662500000      -4.111405843306071E-002
   6.60932416666667        11.4245741666667      -3.567111747630430E-002
   6.60932416666667        11.9437820833333      -3.102123139670368E-002
   6.60932416666667        12.4629900000000      -2.656198468361062E-002
   6.90965708333333       2.000000000000000E-003 -0.161370007038036     
   6.90965708333333       0.521207916666667      -0.155068763687302     
   6.90965708333333        1.04041583333333      -0.165877886836593     
   6.90965708333333        1.55962375000000      -0.173827223055447     
   6.90965708333333        2.07883166666667      -0.179036316243595     
   6.90965708333333        2.59803958333333      -0.182568933060416     
   6.90965708333333        3.11724750000000      -0.183490804893702     
   6.90965708333333        3.63645541666667      -0.179392612173376     
   6.90965708333333        4.15566333333333      -0.165547916573344     
   6.90965708333333        4.67487125000000      -0.157342380952202     
   6.90965708333333        5.19407916666667      -0.151853730653890     
   6.90965708333333        5.71328708333333      -0.134142224973123     
   6.90965708333333        6.23249500000000      -0.118303863165765     
   6.90965708333333        6.75170291666667      -0.106992905493370     
   6.90965708333333        7.27091083333333      -9.930281302880480E-002
   6.90965708333333        7.79011875000000      -9.192463905391085E-002
   6.90965708333333        8.30932666666667      -8.324468567944428E-002
   6.90965708333333        8.82853458333333      -7.459746442073144E-002
   6.90965708333333        9.34774250000000      -6.157510272303809E-002
   6.90965708333333        9.86695041666667      -5.338042828726666E-002
   6.90965708333333        10.3861583333333      -4.651033788898637E-002
   6.90965708333333        10.9053662500000      -3.947271006999662E-002
   6.90965708333333        11.4245741666667      -3.432141136874364E-002
   6.90965708333333        11.9437820833333      -3.001121220595122E-002
   6.90965708333333        12.4629900000000      -2.579342596209261E-002
   7.20999000000000       2.000000000000000E-003 -0.147473734181816     
   7.20999000000000       0.521207916666667      -0.148820122044310     
   7.20999000000000        1.04041583333333      -0.154875245110841     
   7.20999000000000        1.55962375000000      -0.159942621051225     
   7.20999000000000        2.07883166666667      -0.163335899754613     
   7.20999000000000        2.59803958333333      -0.165660844805397     
   7.20999000000000        3.11724750000000      -0.166710595729405     
   7.20999000000000        3.63645541666667      -0.166709309682129     
   7.20999000000000        4.15566333333333      -0.162449374983216     
   7.20999000000000        4.67487125000000      -0.152163500512852     
   7.20999000000000        5.19407916666667      -0.143575298990336     
   7.20999000000000        5.71328708333333      -0.124491988460224     
   7.20999000000000        6.23249500000000      -0.109490707217354     
   7.20999000000000        6.75170291666667      -9.964851550515698E-002
   7.20999000000000        7.27091083333333      -9.341798970169109E-002
   7.20999000000000        7.79011875000000      -8.732657667474811E-002
   7.20999000000000        8.30932666666667      -7.957130811894293E-002
   7.20999000000000        8.82853458333333      -7.175355286841760E-002
   7.20999000000000        9.34774250000000      -5.866647057556450E-002
   7.20999000000000        9.86695041666667      -5.084877214685509E-002
   7.20999000000000        10.3861583333333      -4.470099831824069E-002
   7.20999000000000        10.9053662500000      -3.798502722330892E-002
   7.20999000000000        11.4245741666667      -3.311666123914251E-002
   7.20999000000000        11.9437820833333      -2.906422094171567E-002
   7.20999000000000        12.4629900000000      -2.502366047365495E-002
