  2.000000000000000E-003  2.000000000000000E-003 -0.575849262785981     
  2.000000000000000E-003  0.521207916666667      -0.477435588557330     
  2.000000000000000E-003   1.04041583333333      -0.361830142610324     
  2.000000000000000E-003   1.55962375000000      -0.292312037306737     
  2.000000000000000E-003   2.07883166666667      -0.246113558681207     
  2.000000000000000E-003   2.59803958333333      -0.209426421014265     
  2.000000000000000E-003   3.11724750000000      -0.178890481961671     
  2.000000000000000E-003   3.63645541666667      -0.152816935329358     
  2.000000000000000E-003   4.15566333333333      -0.132352720051549     
  2.000000000000000E-003   4.67487125000000      -0.116636344232645     
  2.000000000000000E-003   5.19407916666667      -0.100595365214333     
  2.000000000000000E-003   5.71328708333333      -8.403913235848273E-002
  2.000000000000000E-003   6.23249500000000      -7.145123156742822E-002
  2.000000000000000E-003   6.75170291666667      -6.240520341282726E-002
  2.000000000000000E-003   7.27091083333333      -5.595316044862604E-002
  2.000000000000000E-003   7.79011875000000      -5.006104929887291E-002
  2.000000000000000E-003   8.30932666666667      -4.367736534796847E-002
  2.000000000000000E-003   8.82853458333333      -3.744423465226529E-002
  2.000000000000000E-003   9.34774250000000      -2.901552841315070E-002
  2.000000000000000E-003   9.86695041666667      -2.338154733569638E-002
  2.000000000000000E-003   10.3861583333333      -1.874190240457390E-002
  2.000000000000000E-003   10.9053662500000      -1.396892482237266E-002
  2.000000000000000E-003   11.4245741666667      -1.037113296333956E-002
  2.000000000000000E-003   11.9437820833333      -7.323755808648534E-003
  2.000000000000000E-003   12.4629900000000      -4.395674767464412E-003
  0.302332916666667       2.000000000000000E-003 -0.645293581477368     
  0.302332916666667       0.521207916666667      -0.490471559706657     
  0.302332916666667        1.04041583333333      -0.389665605932051     
  0.302332916666667        1.55962375000000      -0.317146175743362     
  0.302332916666667        2.07883166666667      -0.263890622028259     
  0.302332916666667        2.59803958333333      -0.221576334802344     
  0.302332916666667        3.11724750000000      -0.187354867863354     
  0.302332916666667        3.63645541666667      -0.158346635651119     
  0.302332916666667        4.15566333333333      -0.135199551587546     
  0.302332916666667        4.67487125000000      -0.119999487155488     
  0.302332916666667        5.19407916666667      -0.103227194231744     
  0.302332916666667        5.71328708333333      -8.617149004950558E-002
  0.302332916666667        6.23249500000000      -7.320301250033941E-002
  0.302332916666667        6.75170291666667      -6.385068161920950E-002
  0.302332916666667        7.27091083333333      -5.709172292353117E-002
  0.302332916666667        7.79011875000000      -5.090478872499963E-002
  0.302332916666667        8.30932666666667      -4.431237023778748E-002
  0.302332916666667        8.82853458333333      -3.794357149228179E-002
  0.302332916666667        9.34774250000000      -2.992079208084483E-002
  0.302332916666667        9.86695041666667      -2.414279879298671E-002
  0.302332916666667        10.3861583333333      -1.919728766345745E-002
  0.302332916666667        10.9053662500000      -1.439991258539135E-002
  0.302332916666667        11.4245741666667      -1.074826732755873E-002
  0.302332916666667        11.9437820833333      -7.647380554839303E-003
  0.302332916666667        12.4629900000000      -4.686336094402551E-003
  0.602665833333333       2.000000000000000E-003 -0.661511368909007     
  0.602665833333333       0.521207916666667      -0.527008581589633     
  0.602665833333333        1.04041583333333      -0.417314073580509     
  0.602665833333333        1.55962375000000      -0.339610249803426     
  0.602665833333333        2.07883166666667      -0.279157320887256     
  0.602665833333333        2.59803958333333      -0.232105604733480     
  0.602665833333333        3.11724750000000      -0.194853404027193     
  0.602665833333333        3.63645541666667      -0.163811019802157     
  0.602665833333333        4.15566333333333      -0.139083431612251     
  0.602665833333333        4.67487125000000      -0.121793045864707     
  0.602665833333333        5.19407916666667      -0.104677001214050     
  0.602665833333333        5.71328708333333      -8.786592489424214E-002
  0.602665833333333        6.23249500000000      -7.479031907401784E-002
  0.602665833333333        6.75170291666667      -6.515953410203949E-002
  0.602665833333333        7.27091083333333      -5.802413790910065E-002
  0.602665833333333        7.79011875000000      -5.151182570632108E-002
  0.602665833333333        8.30932666666667      -4.459508346723388E-002
  0.602665833333333        8.82853458333333      -3.812402153102827E-002
  0.602665833333333        9.34774250000000      -3.091380671676382E-002
  0.602665833333333        9.86695041666667      -2.499304646058175E-002
  0.602665833333333        10.3861583333333      -1.964856518416179E-002
  0.602665833333333        10.9053662500000      -1.489591977521013E-002
  0.602665833333333        11.4245741666667      -1.117371333045519E-002
  0.602665833333333        11.9437820833333      -7.967670388078168E-003
  0.602665833333333        12.4629900000000      -4.942507202418300E-003
  0.902998750000000       2.000000000000000E-003 -0.654440207437410     
  0.902998750000000       0.521207916666667      -0.562162580209657     
  0.902998750000000        1.04041583333333      -0.446041091140241     
  0.902998750000000        1.55962375000000      -0.358742840263914     
  0.902998750000000        2.07883166666667      -0.290953615257942     
  0.902998750000000        2.59803958333333      -0.240286846204367     
  0.902998750000000        3.11724750000000      -0.200814137704950     
  0.902998750000000        3.63645541666667      -0.168528472565480     
  0.902998750000000        4.15566333333333      -0.142822593331386     
  0.902998750000000        4.67487125000000      -0.123277888239437     
  0.902998750000000        5.19407916666667      -0.105564899771371     
  0.902998750000000        5.71328708333333      -8.922264775799306E-002
  0.902998750000000        6.23249500000000      -7.617091479428909E-002
  0.902998750000000        6.75170291666667      -6.628283854724842E-002
  0.902998750000000        7.27091083333333      -5.872991946342596E-002
  0.902998750000000        7.79011875000000      -5.189061344192961E-002
  0.902998750000000        8.30932666666667      -4.476576491787347E-002
  0.902998750000000        8.82853458333333      -3.798636525065565E-002
  0.902998750000000        9.34774250000000      -3.145630733289204E-002
  0.902998750000000        9.86695041666667      -2.551724931506938E-002
  0.902998750000000        10.3861583333333      -2.008684619755416E-002
  0.902998750000000        10.9053662500000      -1.542093186864874E-002
  0.902998750000000        11.4245741666667      -1.161618014971173E-002
  0.902998750000000        11.9437820833333      -8.272669092812285E-003
  0.902998750000000        12.4629900000000      -5.158851322606458E-003
   1.20333166666667       2.000000000000000E-003 -0.642803102390539     
   1.20333166666667       0.521207916666667      -0.578367890429530     
   1.20333166666667        1.04041583333333      -0.468078990426935     
   1.20333166666667        1.55962375000000      -0.372788848692210     
   1.20333166666667        2.07883166666667      -0.298965304498258     
   1.20333166666667        2.59803958333333      -0.245623668294061     
   1.20333166666667        3.11724750000000      -0.204734841685760     
   1.20333166666667        3.63645541666667      -0.171809071538467     
   1.20333166666667        4.15566333333333      -0.145448734072627     
   1.20333166666667        4.67487125000000      -0.124488525578248     
   1.20333166666667        5.19407916666667      -0.106340736704683     
   1.20333166666667        5.71328708333333      -9.034542514093356E-002
   1.20333166666667        6.23249500000000      -7.733383322252615E-002
   1.20333166666667        6.75170291666667      -6.720919793636254E-002
   1.20333166666667        7.27091083333333      -5.922924023984099E-002
   1.20333166666667        7.79011875000000      -5.207163146394946E-002
   1.20333166666667        8.30932666666667      -4.489371526173966E-002
   1.20333166666667        8.82853458333333      -3.803899110089218E-002
   1.20333166666667        9.34774250000000      -3.170309303648235E-002
   1.20333166666667        9.86695041666667      -2.581394891499141E-002
   1.20333166666667        10.3861583333333      -2.049535885976622E-002
   1.20333166666667        10.9053662500000      -1.592702555296123E-002
   1.20333166666667        11.4245741666667      -1.204012885424185E-002
   1.20333166666667        11.9437820833333      -8.553306190236479E-003
   1.20333166666667        12.4629900000000      -5.334814232025965E-003
   1.50366458333333       2.000000000000000E-003 -0.628874960312850     
   1.50366458333333       0.521207916666667      -0.579651762306573     
   1.50366458333333        1.04041583333333      -0.478709457213882     
   1.50366458333333        1.55962375000000      -0.379722440746120     
   1.50366458333333        2.07883166666667      -0.302999128213501     
   1.50366458333333        2.59803958333333      -0.247831932870794     
   1.50366458333333        3.11724750000000      -0.206326302291756     
   1.50366458333333        3.63645541666667      -0.173418701305231     
   1.50366458333333        4.15566333333333      -0.146804674389123     
   1.50366458333333        4.67487125000000      -0.125227846645159     
   1.50366458333333        5.19407916666667      -0.106979379383366     
   1.50366458333333        5.71328708333333      -9.122830806237200E-002
   1.50366458333333        6.23249500000000      -7.826642946409496E-002
   1.50366458333333        6.75170291666667      -6.795018187224645E-002
   1.50366458333333        7.27091083333333      -5.956004291448543E-002
   1.50366458333333        7.79011875000000      -5.209826353384482E-002
   1.50366458333333        8.30932666666667      -4.489397028204323E-002
   1.50366458333333        8.82853458333333      -3.805530696962218E-002
   1.50366458333333        9.34774250000000      -3.176052589119561E-002
   1.50366458333333        9.86695041666667      -2.598603267854802E-002
   1.50366458333333        10.3861583333333      -2.084199193577457E-002
   1.50366458333333        10.9053662500000      -1.636248919708688E-002
   1.50366458333333        11.4245741666667      -1.240666065390131E-002
   1.50366458333333        11.9437820833333      -8.794991379928955E-003
   1.50366458333333        12.4629900000000      -5.468527622220920E-003
   1.80399750000000       2.000000000000000E-003 -0.611605696161644     
   1.80399750000000       0.521207916666667      -0.570005098542955     
   1.80399750000000        1.04041583333333      -0.476560155735606     
   1.80399750000000        1.55962375000000      -0.378704352624726     
   1.80399750000000        2.07883166666667      -0.302737817519682     
   1.80399750000000        2.59803958333333      -0.246813899706449     
   1.80399750000000        3.11724750000000      -0.205552935776124     
   1.80399750000000        3.63645541666667      -0.173332033656770     
   1.80399750000000        4.15566333333333      -0.146999972301186     
   1.80399750000000        4.67487125000000      -0.125370916362144     
   1.80399750000000        5.19407916666667      -0.107264054247539     
   1.80399750000000        5.71328708333333      -9.179805091204912E-002
   1.80399750000000        6.23249500000000      -7.892795539671194E-002
   1.80399750000000        6.75170291666667      -6.847918252055442E-002
   1.80399750000000        7.27091083333333      -5.974190924967477E-002
   1.80399750000000        7.79011875000000      -5.200662529535870E-002
   1.80399750000000        8.30932666666667      -4.475951107151824E-002
   1.80399750000000        8.82853458333333      -3.796447708363418E-002
   1.80399750000000        9.34774250000000      -3.172316380428424E-002
   1.80399750000000        9.86695041666667      -2.608512596310291E-002
   1.80399750000000        10.3861583333333      -2.110246223316049E-002
   1.80399750000000        10.9053662500000      -1.668966955011919E-002
   1.80399750000000        11.4245741666667      -1.267833681391961E-002
   1.80399750000000        11.9437820833333      -8.971271739235188E-003
   1.80399750000000        12.4629900000000      -5.551968599108227E-003
   2.10433041666667       2.000000000000000E-003 -0.591853815558157     
   2.10433041666667       0.521207916666667      -0.551081392422879     
   2.10433041666667        1.04041583333333      -0.461597950743942     
   2.10433041666667        1.55962375000000      -0.371800979198506     
   2.10433041666667        2.07883166666667      -0.297939941026604     
   2.10433041666667        2.59803958333333      -0.242678056842548     
   2.10433041666667        3.11724750000000      -0.202609642499046     
   2.10433041666667        3.63645541666667      -0.171656741157538     
   2.10433041666667        4.15566333333333      -0.146062936956056     
   2.10433041666667        4.67487125000000      -0.124791043071170     
   2.10433041666667        5.19407916666667      -0.107058444681389     
   2.10433041666667        5.71328708333333      -9.196882604042603E-002
   2.10433041666667        6.23249500000000      -7.925423972488256E-002
   2.10433041666667        6.75170291666667      -6.873210574053083E-002
   2.10433041666667        7.27091083333333      -5.976891080206589E-002
   2.10433041666667        7.79011875000000      -5.181203303929598E-002
   2.10433041666667        8.30932666666667      -4.452136403127611E-002
   2.10433041666667        8.82853458333333      -3.779176260721067E-002
   2.10433041666667        9.34774250000000      -3.164364686545887E-002
   2.10433041666667        9.86695041666667      -2.613584716036237E-002
   2.10433041666667        10.3861583333333      -2.126849390251480E-002
   2.10433041666667        10.9053662500000      -1.688751026305709E-002
   2.10433041666667        11.4245741666667      -1.282465505664872E-002
   2.10433041666667        11.9437820833333      -9.045324841975174E-003
   2.10433041666667        12.4629900000000      -5.570924738415329E-003
   2.40466333333333       2.000000000000000E-003 -0.577642323851863     
   2.40466333333333       0.521207916666667      -0.531335677583908     
   2.40466333333333        1.04041583333333      -0.443636867659882     
   2.40466333333333        1.55962375000000      -0.359227611955399     
   2.40466333333333        2.07883166666667      -0.288678939585293     
   2.40466333333333        2.59803958333333      -0.235784142271078     
   2.40466333333333        3.11724750000000      -0.197856564551516     
   2.40466333333333        3.63645541666667      -0.168605232477363     
   2.40466333333333        4.15566333333333      -0.144080753694643     
   2.40466333333333        4.67487125000000      -0.123480147322063     
   2.40466333333333        5.19407916666667      -0.106314755170521     
   2.40466333333333        5.71328708333333      -9.168441470765443E-002
   2.40466333333333        6.23249500000000      -7.919064624685533E-002
   2.40466333333333        6.75170291666667      -6.867276360488291E-002
   2.40466333333333        7.27091083333333      -5.961322618600245E-002
   2.40466333333333        7.79011875000000      -5.151565392162972E-002
   2.40466333333333        8.30932666666667      -4.419997537261697E-002
   2.40466333333333        8.82853458333333      -3.755456453899932E-002
   2.40466333333333        9.34774250000000      -3.152773160421494E-002
   2.40466333333333        9.86695041666667      -2.613794702585929E-002
   2.40466333333333        10.3861583333333      -2.133990932302663E-002
   2.40466333333333        10.9053662500000      -1.695220296373982E-002
   2.40466333333333        11.4245741666667      -1.282156732391125E-002
   2.40466333333333        11.9437820833333      -8.974633290801663E-003
   2.40466333333333        12.4629900000000      -5.507694792056277E-003
   2.70499625000000       2.000000000000000E-003 -0.570239798789176     
   2.70499625000000       0.521207916666667      -0.519588350430138     
   2.70499625000000        1.04041583333333      -0.423033326466241     
   2.70499625000000        1.55962375000000      -0.341233946758411     
   2.70499625000000        2.07883166666667      -0.275600924405888     
   2.70499625000000        2.59803958333333      -0.226739142781689     
   2.70499625000000        3.11724750000000      -0.191724393075776     
   2.70499625000000        3.63645541666667      -0.164434762900949     
   2.70499625000000        4.15566333333333      -0.141200189809669     
   2.70499625000000        4.67487125000000      -0.121511792839213     
   2.70499625000000        5.19407916666667      -0.105056131523881     
   2.70499625000000        5.71328708333333      -9.093957039186548E-002
   2.70499625000000        6.23249500000000      -7.872458490314924E-002
   2.70499625000000        6.75170291666667      -6.829680212190557E-002
   2.70499625000000        7.27091083333333      -5.923682604063961E-002
   2.70499625000000        7.79011875000000      -5.111364282243347E-002
   2.70499625000000        8.30932666666667      -4.380529847777354E-002
   2.70499625000000        8.82853458333333      -3.725195152064319E-002
   2.70499625000000        9.34774250000000      -3.135400232162588E-002
   2.70499625000000        9.86695041666667      -2.607078958274014E-002
   2.70499625000000        10.3861583333333      -2.131753327717754E-002
   2.70499625000000        10.9053662500000      -1.689167669975442E-002
   2.70499625000000        11.4245741666667      -1.265714921327723E-002
   2.70499625000000        11.9437820833333      -8.720158487824498E-003
   2.70499625000000        12.4629900000000      -5.372788054030703E-003
   3.00532916666667       2.000000000000000E-003 -0.549032771835783     
   3.00532916666667       0.521207916666667      -0.493159775993408     
   3.00532916666667        1.04041583333333      -0.396876525978824     
   3.00532916666667        1.55962375000000      -0.319001615937082     
   3.00532916666667        2.07883166666667      -0.259923578326095     
   3.00532916666667        2.59803958333333      -0.216283513509977     
   3.00532916666667        3.11724750000000      -0.184615280249018     
   3.00532916666667        3.63645541666667      -0.159390127733984     
   3.00532916666667        4.15566333333333      -0.137594004219371     
   3.00532916666667        4.67487125000000      -0.118999635700905     
   3.00532916666667        5.19407916666667      -0.103345995045649     
   3.00532916666667        5.71328708333333      -8.977174301514393E-002
   3.00532916666667        6.23249500000000      -7.788880591555578E-002
   3.00532916666667        6.75170291666667      -6.763772407674980E-002
   3.00532916666667        7.27091083333333      -5.866104057448638E-002
   3.00532916666667        7.79011875000000      -5.058558485197389E-002
   3.00532916666667        8.30932666666667      -4.333523732918425E-002
   3.00532916666667        8.82853458333333      -3.687624855973030E-002
   3.00532916666667        9.34774250000000      -3.109784176995381E-002
   3.00532916666667        9.86695041666667      -2.591707695768834E-002
   3.00532916666667        10.3861583333333      -2.119847947726461E-002
   3.00532916666667        10.9053662500000      -1.671822472855019E-002
   3.00532916666667        11.4245741666667      -1.234256565212186E-002
   3.00532916666667        11.9437820833333      -8.302933442271197E-003
   3.00532916666667        12.4629900000000      -5.207021559778816E-003
   3.30566208333333       2.000000000000000E-003 -0.504532524807760     
   3.30566208333333       0.521207916666667      -0.451875411044171     
   3.30566208333333        1.04041583333333      -0.364315584191264     
   3.30566208333333        1.55962375000000      -0.294559307284845     
   3.30566208333333        2.07883166666667      -0.243075501551201     
   3.30566208333333        2.59803958333333      -0.205097253589991     
   3.30566208333333        3.11724750000000      -0.176839086234278     
   3.30566208333333        3.63645541666667      -0.153682025134106     
   3.30566208333333        4.15566333333333      -0.133434875921618     
   3.30566208333333        4.67487125000000      -0.116059236616189     
   3.30566208333333        5.19407916666667      -0.101251485866822     
   3.30566208333333        5.71328708333333      -8.823132848018662E-002
   3.30566208333333        6.23249500000000      -7.673378826329265E-002
   3.30566208333333        6.75170291666667      -6.674222688500506E-002
   3.30566208333333        7.27091083333333      -5.791894925432309E-002
   3.30566208333333        7.79011875000000      -4.994151907368953E-002
   3.30566208333333        8.30932666666667      -4.278079282191723E-002
   3.30566208333333        8.82853458333333      -3.642024596553278E-002
   3.30566208333333        9.34774250000000      -3.074589922615329E-002
   3.30566208333333        9.86695041666667      -2.565258983145246E-002
   3.30566208333333        10.3861583333333      -2.096841185540048E-002
   3.30566208333333        10.9053662500000      -1.645231716112884E-002
   3.30566208333333        11.4245741666667      -1.195066032149050E-002
   3.30566208333333        11.9437820833333      -7.836013051664054E-003
   3.30566208333333        12.4629900000000      -5.077958862879782E-003
   3.60599500000000       2.000000000000000E-003 -0.444690238567993     
   3.60599500000000       0.521207916666667      -0.405250468043077     
   3.60599500000000        1.04041583333333      -0.330415029893016     
   3.60599500000000        1.55962375000000      -0.269993323091235     
   3.60599500000000        2.07883166666667      -0.226192401018311     
   3.60599500000000        2.59803958333333      -0.193643495960997     
   3.60599500000000        3.11724750000000      -0.168614037631100     
   3.60599500000000        3.63645541666667      -0.147504136295601     
   3.60599500000000        4.15566333333333      -0.128887248026405     
   3.60599500000000        4.67487125000000      -0.112786651703179     
   3.60599500000000        5.19407916666667      -9.882007201173425E-002
   3.60599500000000        5.71328708333333      -8.635561035518868E-002
   3.60599500000000        6.23249500000000      -7.529559357090425E-002
   3.60599500000000        6.75170291666667      -6.563580403637440E-002
   3.60599500000000        7.27091083333333      -5.702287536592571E-002
   3.60599500000000        7.79011875000000      -4.918449988257229E-002
   3.60599500000000        8.30932666666667      -4.213875640678248E-002
   3.60599500000000        8.82853458333333      -3.587467320291490E-002
   3.60599500000000        9.34774250000000      -3.028083851912144E-002
   3.60599500000000        9.86695041666667      -2.525808922501988E-002
   3.60599500000000        10.3861583333333      -2.062265200362653E-002
   3.60599500000000        10.9053662500000      -1.612085037328292E-002
   3.60599500000000        11.4245741666667      -1.159459346839318E-002
   3.60599500000000        11.9437820833333      -7.502328679283045E-003
   3.60599500000000        12.4629900000000      -4.947657074694538E-003
   3.90632791666667       2.000000000000000E-003 -0.398770449316814     
   3.90632791666667       0.521207916666667      -0.361273121633925     
   3.90632791666667        1.04041583333333      -0.297488061646771     
   3.90632791666667        1.55962375000000      -0.246456982146293     
   3.90632791666667        2.07883166666667      -0.209825777768076     
   3.90632791666667        2.59803958333333      -0.182154603980014     
   3.90632791666667        3.11724750000000      -0.160119667877691     
   3.90632791666667        3.63645541666667      -0.141055892329104     
   3.90632791666667        4.15566333333333      -0.124103890564711     
   3.90632791666667        4.67487125000000      -0.109253958208565     
   3.90632791666667        5.19407916666667      -9.608023377603821E-002
   3.90632791666667        5.71328708333333      -8.416678139945862E-002
   3.90632791666667        6.23249500000000      -7.358779362227359E-002
   3.90632791666667        6.75170291666667      -6.431297756270497E-002
   3.90632791666667        7.27091083333333      -5.595619344885987E-002
   3.90632791666667        7.79011875000000      -4.830052747283673E-002
   3.90632791666667        8.30932666666667      -4.140272354158650E-002
   3.90632791666667        8.82853458333333      -3.523955888189966E-002
   3.90632791666667        9.34774250000000      -2.970726052248011E-002
   3.90632791666667        9.86695041666667      -2.474188966035171E-002
   3.90632791666667        10.3861583333333      -2.017343963784723E-002
   3.90632791666667        10.9053662500000      -1.574373021063141E-002
   3.90632791666667        11.4245741666667      -1.132620282167883E-002
   3.90632791666667        11.9437820833333      -7.338865565327294E-003
   3.90632791666667        12.4629900000000      -4.591288056438217E-003
   4.20666083333333       2.000000000000000E-003 -0.341308752649436     
   4.20666083333333       0.521207916666667      -0.313622167948012     
   4.20666083333333        1.04041583333333      -0.264661964657739     
   4.20666083333333        1.55962375000000      -0.224111515488752     
   4.20666083333333        2.07883166666667      -0.194066294245564     
   4.20666083333333        2.59803958333333      -0.170759380126227     
   4.20666083333333        3.11724750000000      -0.151554351109908     
   4.20666083333333        3.63645541666667      -0.134538147769603     
   4.20666083333333        4.15566333333333      -0.119211442099465     
   4.20666083333333        4.67487125000000      -0.105511805254441     
   4.20666083333333        5.19407916666667      -9.305828770292179E-002
   4.20666083333333        5.71328708333333      -8.169083118364237E-002
   4.20666083333333        6.23249500000000      -7.162076084873470E-002
   4.20666083333333        6.75170291666667      -6.276051771862422E-002
   4.20666083333333        7.27091083333333      -5.469816819558210E-002
   4.20666083333333        7.79011875000000      -4.727807128546288E-002
   4.20666083333333        8.30932666666667      -4.057407836635808E-002
   4.20666083333333        8.82853458333333      -3.452885482080906E-002
   4.20666083333333        9.34774250000000      -2.905153616508258E-002
   4.20666083333333        9.86695041666667      -2.413565484803628E-002
   4.20666083333333        10.3861583333333      -1.964439770097892E-002
   4.20666083333333        10.9053662500000      -1.532269776531157E-002
   4.20666083333333        11.4245741666667      -1.108753909143140E-002
   4.20666083333333        11.9437820833333      -7.235213680629808E-003
   4.20666083333333        12.4629900000000      -4.231459658414117E-003
   4.50699375000000       2.000000000000000E-003 -0.281182831280750     
   4.50699375000000       0.521207916666667      -0.265111827914854     
   4.50699375000000        1.04041583333333      -0.232832647470886     
   4.50699375000000        1.55962375000000      -0.202931209512328     
   4.50699375000000        2.07883166666667      -0.178934040342210     
   4.50699375000000        2.59803958333333      -0.159638050202045     
   4.50699375000000        3.11724750000000      -0.143148006821339     
   4.50699375000000        3.63645541666667      -0.128118531335329     
   4.50699375000000        4.15566333333333      -0.114285787176243     
   4.50699375000000        4.67487125000000      -0.101591385199763     
   4.50699375000000        5.19407916666667      -8.979266870170953E-002
   4.50699375000000        5.71328708333333      -7.897432424103501E-002
   4.50699375000000        6.23249500000000      -6.942461735990146E-002
   4.50699375000000        6.75170291666667      -6.098949831798815E-002
   4.50699375000000        7.27091083333333      -5.325879550447019E-002
   4.50699375000000        7.79011875000000      -4.613595017472649E-002
   4.50699375000000        8.30932666666667      -3.967630744953403E-002
   4.50699375000000        8.82853458333333      -3.376766752953278E-002
   4.50699375000000        9.34774250000000      -2.834751402346342E-002
   4.50699375000000        9.86695041666667      -2.347611346927385E-002
   4.50699375000000        10.3861583333333      -1.905720680414612E-002
   4.50699375000000        10.9053662500000      -1.484663674391370E-002
   4.50699375000000        11.4245741666667      -1.078207607624255E-002
   4.50699375000000        11.9437820833333      -7.053597645334694E-003
   4.50699375000000        12.4629900000000      -3.863005840005498E-003
   4.80732666666667       2.000000000000000E-003 -0.232355568881658     
   4.80732666666667       0.521207916666667      -0.224112481691259     
   4.80732666666667        1.04041583333333      -0.204486959403007     
   4.80732666666667        1.55962375000000      -0.183210837182883     
   4.80732666666667        2.07883166666667      -0.164671418652920     
   4.80732666666667        2.59803958333333      -0.149064802885064     
   4.80732666666667        3.11724750000000      -0.135101911207281     
   4.80732666666667        3.63645541666667      -0.121876901070914     
   4.80732666666667        4.15566333333333      -0.109333066598975     
   4.80732666666667        4.67487125000000      -9.750514834428481E-002
   4.80732666666667        5.19407916666667      -8.633292115203263E-002
   4.80732666666667        5.71328708333333      -7.607965097024970E-002
   4.80732666666667        6.23249500000000      -6.704986236147464E-002
   4.80732666666667        6.75170291666667      -5.904409822920249E-002
   4.80732666666667        7.27091083333333      -5.169043561258602E-002
   4.80732666666667        7.79011875000000      -4.493184210840608E-002
   4.80732666666667        8.30932666666667      -3.873774001040295E-002
   4.80732666666667        8.82853458333333      -3.296443773551078E-002
   4.80732666666667        9.34774250000000      -2.761132754430540E-002
   4.80732666666667        9.86695041666667      -2.278604578805832E-002
   4.80732666666667        10.3861583333333      -1.842084965858209E-002
   4.80732666666667        10.9053662500000      -1.430294890152953E-002
   4.80732666666667        11.4245741666667      -1.036915380476652E-002
   4.80732666666667        11.9437820833333      -6.748645350384375E-003
   4.80732666666667        12.4629900000000      -3.499236173768006E-003
   5.10765958333333       2.000000000000000E-003 -0.196419039708459     
   5.10765958333333       0.521207916666667      -0.191767200406138     
   5.10765958333333        1.04041583333333      -0.180073069230048     
   5.10765958333333        1.55962375000000      -0.165551366346705     
   5.10765958333333        2.07883166666667      -0.151706010083476     
   5.10765958333333        2.59803958333333      -0.139296136963712     
   5.10765958333333        3.11724750000000      -0.127497058903485     
   5.10765958333333        3.63645541666667      -0.115776175124143     
   5.10765958333333        4.15566333333333      -0.104300469330272     
   5.10765958333333        4.67487125000000      -9.325558177835681E-002
   5.10765958333333        5.19407916666667      -8.272951490689123E-002
   5.10765958333333        5.71328708333333      -7.306307311105795E-002
   5.10765958333333        6.23249500000000      -6.454450911051020E-002
   5.10765958333333        6.75170291666667      -5.697870322997405E-002
   5.10765958333333        7.27091083333333      -5.006388701190000E-002
   5.10765958333333        7.79011875000000      -4.371424988532210E-002
   5.10765958333333        8.30932666666667      -3.777716455131797E-002
   5.10765958333333        8.82853458333333      -3.213833602721908E-002
   5.10765958333333        9.34774250000000      -2.686270253438683E-002
   5.10765958333333        9.86695041666667      -2.207516132496194E-002
   5.10765958333333        10.3861583333333      -1.773467350305558E-002
   5.10765958333333        10.9053662500000      -1.368293777789822E-002
   5.10765958333333        11.4245741666667      -9.863532310438903E-003
   5.10765958333333        11.9437820833333      -6.343517553764587E-003
   5.10765958333333        12.4629900000000      -3.136005724436552E-003
   5.40799250000000       2.000000000000000E-003 -0.171052600550361     
   5.40799250000000       0.521207916666667      -0.167779688409085     
   5.40799250000000        1.04041583333333      -0.160044682858842     
   5.40799250000000        1.55962375000000      -0.150540492885629     
   5.40799250000000        2.07883166666667      -0.140358344433372     
   5.40799250000000        2.59803958333333      -0.130408162631434     
   5.40799250000000        3.11724750000000      -0.120257807965233     
   5.40799250000000        3.63645541666667      -0.109700577965148     
   5.40799250000000        4.15566333333333      -9.912467165724267E-002
   5.40799250000000        4.67487125000000      -8.885919951290065E-002
   5.40799250000000        5.19407916666667      -7.903209526487243E-002
   5.40799250000000        5.71328708333333      -6.995974357786239E-002
   5.40799250000000        6.23249500000000      -6.193259258025150E-002
   5.40799250000000        6.75170291666667      -5.482549283579818E-002
   5.40799250000000        7.27091083333333      -4.841968823057725E-002
   5.40799250000000        7.79011875000000      -4.250190399655741E-002
   5.40799250000000        8.30932666666667      -3.681224993023106E-002
   5.40799250000000        8.82853458333333      -3.130472956686338E-002
   5.40799250000000        9.34774250000000      -2.611415294039905E-002
   5.40799250000000        9.86695041666667      -2.134373372501149E-002
   5.40799250000000        10.3861583333333      -1.699215696581200E-002
   5.40799250000000        10.9053662500000      -1.298619016905835E-002
   5.40799250000000        11.4245741666667      -9.289939790528924E-003
   5.40799250000000        11.9437820833333      -5.890032887870390E-003
   5.40799250000000        12.4629900000000      -2.769179503527637E-003
   5.70832541666667       2.000000000000000E-003 -0.155354635752431     
   5.70832541666667       0.521207916666667      -0.151894573013338     
   5.70832541666667        1.04041583333333      -0.145319874769729     
   5.70832541666667        1.55962375000000      -0.138356584413300     
   5.70832541666667        2.07883166666667      -0.130574279586489     
   5.70832541666667        2.59803958333333      -0.122239002102463     
   5.70832541666667        3.11724750000000      -0.113218931286357     
   5.70832541666667        3.63645541666667      -0.103547703846766     
   5.70832541666667        4.15566333333333      -9.378811852013995E-002
   5.70832541666667        4.67487125000000      -8.437493195807430E-002
   5.70832541666667        5.19407916666667      -7.530580560818402E-002
   5.70832541666667        5.71328708333333      -6.679448606551001E-002
   5.70832541666667        6.23249500000000      -5.921905858198365E-002
   5.70832541666667        6.75170291666667      -5.258522570354544E-002
   5.70832541666667        7.27091083333333      -4.674362749760147E-002
   5.70832541666667        7.79011875000000      -4.128211336233018E-002
   5.70832541666667        8.30932666666667      -3.582651228085683E-002
   5.70832541666667        8.82853458333333      -3.044973063164868E-002
   5.70832541666667        9.34774250000000      -2.535372182489496E-002
   5.70832541666667        9.86695041666667      -2.058171432526620E-002
   5.70832541666667        10.3861583333333      -1.618840477845319E-002
   5.70832541666667        10.9053662500000      -1.222273082925584E-002
   5.70832541666667        11.4245741666667      -8.671090650770605E-003
   5.70832541666667        11.9437820833333      -5.421820717520483E-003
   5.70832541666667        12.4629900000000      -2.416592484664257E-003
   6.00865833333333       2.000000000000000E-003 -0.148437780684023     
   6.00865833333333       0.521207916666667      -0.142490771629100     
   6.00865833333333        1.04041583333333      -0.134601311660522     
   6.00865833333333        1.55962375000000      -0.128517040793568     
   6.00865833333333        2.07883166666667      -0.121917992915171     
   6.00865833333333        2.59803958333333      -0.114503392191094     
   6.00865833333333        3.11724750000000      -0.106259440417367     
   6.00865833333333        3.63645541666667      -9.731016157367842E-002
   6.00865833333333        4.15566333333333      -8.831997058762588E-002
   6.00865833333333        4.67487125000000      -7.991318729245182E-002
   6.00865833333333        5.19407916666667      -7.165922010569192E-002
   6.00865833333333        5.71328708333333      -6.360960358913485E-002
   6.00865833333333        6.23249500000000      -5.641935516191655E-002
   6.00865833333333        6.75170291666667      -5.026080973124761E-002
   6.00865833333333        7.27091083333333      -4.500733370204268E-002
   6.00865833333333        7.79011875000000      -4.001671986421036E-002
   6.00865833333333        8.30932666666667      -3.477836271645785E-002
   6.00865833333333        8.82853458333333      -2.954419035818946E-002
   6.00865833333333        9.34774250000000      -2.454052020527880E-002
   6.00865833333333        9.86695041666667      -1.977505467327717E-002
   6.00865833333333        10.3861583333333      -1.533719668043934E-002
   6.00865833333333        10.9053662500000      -1.141268609176798E-002
   6.00865833333333        11.4245741666667      -8.024775044710566E-003
   6.00865833333333        11.9437820833333      -4.951445577549450E-003
   6.00865833333333        12.4629900000000      -2.074945790108663E-003
   6.30899125000000       2.000000000000000E-003 -0.148944429818845     
   6.30899125000000       0.521207916666667      -0.136656797919195     
   6.30899125000000        1.04041583333333      -0.125936461385602     
   6.30899125000000        1.55962375000000      -0.119912399923245     
   6.30899125000000        2.07883166666667      -0.113833766458450     
   6.30899125000000        2.59803958333333      -0.106996096794790     
   6.30899125000000        3.11724750000000      -9.940680453943497E-002
   6.30899125000000        3.63645541666667      -9.108791883842500E-002
   6.30899125000000        4.15566333333333      -8.273651189200698E-002
   6.30899125000000        4.67487125000000      -7.559797036583155E-002
   6.30899125000000        5.19407916666667      -6.825737009686032E-002
   6.30899125000000        5.71328708333333      -6.047678640733541E-002
   6.30899125000000        6.23249500000000      -5.358518799698130E-002
   6.30899125000000        6.75170291666667      -4.788321398275569E-002
   6.30899125000000        7.27091083333333      -4.320300926584496E-002
   6.30899125000000        7.79011875000000      -3.867280968175080E-002
   6.30899125000000        8.30932666666667      -3.366681848667027E-002
   6.30899125000000        8.82853458333333      -2.864437307881981E-002
   6.30899125000000        9.34774250000000      -2.361840193950889E-002
   6.30899125000000        9.86695041666667      -1.890577494704492E-002
   6.30899125000000        10.3861583333333      -1.447524535102494E-002
   6.30899125000000        10.9053662500000      -1.059203601514257E-002
   6.30899125000000        11.4245741666667      -7.371016213985792E-003
   6.30899125000000        11.9437820833333      -4.479441856443427E-003
   6.30899125000000        12.4629900000000      -1.729977002053421E-003
   6.60932416666667       2.000000000000000E-003 -0.152148738685059     
   6.60932416666667       0.521207916666667      -0.129453478201372     
   6.60932416666667        1.04041583333333      -0.117817240288630     
   6.60932416666667        1.55962375000000      -0.111764453024076     
   6.60932416666667        2.07883166666667      -0.105972681033175     
   6.60932416666667        2.59803958333333      -9.972320754033027E-002
   6.60932416666667        3.11724750000000      -9.283312378021046E-002
   6.60932416666667        3.63645541666667      -8.507107856855559E-002
   6.60932416666667        4.15566333333333      -7.727138081545261E-002
   6.60932416666667        4.67487125000000      -7.168082292807769E-002
   6.60932416666667        5.19407916666667      -6.520131789264579E-002
   6.60932416666667        5.71328708333333      -5.746228317692999E-002
   6.60932416666667        6.23249500000000      -5.079830851172937E-002
   6.60932416666667        6.75170291666667      -4.551442458871126E-002
   6.60932416666667        7.27091083333333      -4.135449036661480E-002
   6.60932416666667        7.79011875000000      -3.724839390051793E-002
   6.60932416666667        8.30932666666667      -3.258158613442778E-002
   6.60932416666667        8.82853458333333      -2.794630545669382E-002
   6.60932416666667        9.34774250000000      -2.253064686298891E-002
   6.60932416666667        9.86695041666667      -1.792206802712448E-002
   6.60932416666667        10.3861583333333      -1.364584261592825E-002
   6.60932416666667        10.9053662500000      -9.808001349675353E-003
   6.60932416666667        11.4245741666667      -6.735825239154050E-003
   6.60932416666667        11.9437820833333      -4.007206567470545E-003
   6.60932416666667        12.4629900000000      -1.371662601369247E-003
   6.90965708333333       2.000000000000000E-003 -0.141704410947517     
   6.90965708333333       0.521207916666667      -0.118543514651426     
   6.90965708333333        1.04041583333333      -0.110024314725262     
   6.90965708333333        1.55962375000000      -0.103858633227442     
   6.90965708333333        2.07883166666667      -9.837434963348311E-002
   6.90965708333333        2.59803958333333      -9.285958970993265E-002
   6.90965708333333        3.11724750000000      -8.674314631666420E-002
   6.90965708333333        3.63645541666667      -7.962332739951608E-002
   6.90965708333333        4.15566333333333      -7.264332278796676E-002
   6.90965708333333        4.67487125000000      -6.839597785759555E-002
   6.90965708333333        5.19407916666667      -6.235127142393285E-002
   6.90965708333333        5.71328708333333      -5.456271216861996E-002
   6.90965708333333        6.23249500000000      -4.813396737364677E-002
   6.90965708333333        6.75170291666667      -4.323141187980992E-002
   6.90965708333333        7.27091083333333      -3.950529690735421E-002
   6.90965708333333        7.79011875000000      -3.576562068478040E-002
   6.90965708333333        8.30932666666667      -3.149656341534605E-002
   6.90965708333333        8.82853458333333      -2.706030084466542E-002
   6.90965708333333        9.34774250000000      -2.116338193150638E-002
   6.90965708333333        9.86695041666667      -1.676119891981838E-002
   6.90965708333333        10.3861583333333      -1.287004202458335E-002
   6.90965708333333        10.9053662500000      -9.099204479802152E-003
   6.90965708333333        11.4245741666667      -6.147375117343721E-003
   6.90965708333333        11.9437820833333      -3.545434573454406E-003
   6.90965708333333        12.4629900000000      -1.003654211283008E-003
   7.20999000000000       2.000000000000000E-003 -0.121061917439856     
   7.20999000000000       0.521207916666667      -0.111595574620130     
   7.20999000000000        1.04041583333333      -0.102519077393397     
   7.20999000000000        1.55962375000000      -9.624695376938040E-002
   7.20999000000000        2.07883166666667      -9.129827102390235E-002
   7.20999000000000        2.59803958333333      -8.657489053896350E-002
   7.20999000000000        3.11724750000000      -8.122614054808069E-002
   7.20999000000000        3.63645541666667      -7.498512155866674E-002
   7.20999000000000        4.15566333333333      -6.936587787291515E-002
   7.20999000000000        4.67487125000000      -6.484999519956595E-002
   7.20999000000000        5.19407916666667      -5.925510105072141E-002
   7.20999000000000        5.71328708333333      -5.171548184108079E-002
   7.20999000000000        6.23249500000000      -4.562610949677111E-002
   7.20999000000000        6.75170291666667      -4.107909463740012E-002
   7.20999000000000        7.27091083333333      -3.768565066021472E-002
   7.20999000000000        7.79011875000000      -3.423874763624875E-002
   7.20999000000000        8.30932666666667      -3.022096288921699E-002
   7.20999000000000        8.82853458333333      -2.594775857797221E-002
   7.20999000000000        9.34774250000000      -1.988302675305016E-002
   7.20999000000000        9.86695041666667      -1.571214214459877E-002
   7.20999000000000        10.3861583333333      -1.214713526551626E-002
   7.20999000000000        10.9053662500000      -8.484302187406320E-003
   7.20999000000000        11.4245741666667      -5.628014487652988E-003
   7.20999000000000        11.9437820833333      -3.110782083370366E-003
   7.20999000000000        12.4629900000000      -6.391089461187773E-004
