  2.000000000000000E-003  2.000000000000000E-003 -0.216960288810848     
  2.000000000000000E-003  0.521207916666667      -0.221370269523455     
  2.000000000000000E-003   1.04041583333333      -0.251138762751664     
  2.000000000000000E-003   1.55962375000000      -0.274777120000333     
  2.000000000000000E-003   2.07883166666667      -0.292908570414617     
  2.000000000000000E-003   2.59803958333333      -0.310243626886570     
  2.000000000000000E-003   3.11724750000000      -0.323028761360026     
  2.000000000000000E-003   3.63645541666667      -0.327153821036089     
  2.000000000000000E-003   4.15566333333333      -0.319193957322153     
  2.000000000000000E-003   4.67487125000000      -0.288264415300440     
  2.000000000000000E-003   5.19407916666667      -0.245392402868922     
  2.000000000000000E-003   5.71328708333333      -0.184811836814325     
  2.000000000000000E-003   6.23249500000000      -0.142938216966299     
  2.000000000000000E-003   6.75170291666667      -0.118936872579649     
  2.000000000000000E-003   7.27091083333333      -0.108099111389378     
  2.000000000000000E-003   7.79011875000000      -0.100602543020893     
  2.000000000000000E-003   8.30932666666667      -8.957883178883287E-002
  2.000000000000000E-003   8.82853458333333      -7.874143569722093E-002
  2.000000000000000E-003   9.34774250000000      -5.639592890820397E-002
  2.000000000000000E-003   9.86695041666667      -4.788638672142182E-002
  2.000000000000000E-003   10.3861583333333      -4.401658090343516E-002
  2.000000000000000E-003   10.9053662500000      -3.634426639546280E-002
  2.000000000000000E-003   11.4245741666667      -3.182306985261481E-002
  2.000000000000000E-003   11.9437820833333      -2.881294112909186E-002
  2.000000000000000E-003   12.4629900000000      -2.552350322722311E-002
  0.302332916666667       2.000000000000000E-003 -0.230305223088480     
  0.302332916666667       0.521207916666667      -0.226672905650761     
  0.302332916666667        1.04041583333333      -0.265987655366957     
  0.302332916666667        1.55962375000000      -0.297137738100333     
  0.302332916666667        2.07883166666667      -0.322247554216774     
  0.302332916666667        2.59803958333333      -0.347077510192397     
  0.302332916666667        3.11724750000000      -0.364827701738787     
  0.302332916666667        3.63645541666667      -0.366900654052313     
  0.302332916666667        4.15566333333333      -0.338006094293162     
  0.302332916666667        4.67487125000000      -0.306523509082179     
  0.302332916666667        5.19407916666667      -0.258561803602200     
  0.302332916666667        5.71328708333333      -0.198071748348484     
  0.302332916666667        6.23249500000000      -0.154526460926625     
  0.302332916666667        6.75170291666667      -0.128006525722863     
  0.302332916666667        7.27091083333333      -0.114400668465323     
  0.302332916666667        7.79011875000000      -0.104448975458516     
  0.302332916666667        8.30932666666667      -9.222969181769913E-002
  0.302332916666667        8.82853458333333      -8.047710939131607E-002
  0.302332916666667        9.34774250000000      -5.840341776016350E-002
  0.302332916666667        9.86695041666667      -5.037540105099831E-002
  0.302332916666667        10.3861583333333      -4.539711215910459E-002
  0.302332916666667        10.9053662500000      -3.731067687457599E-002
  0.302332916666667        11.4245741666667      -3.266255514986681E-002
  0.302332916666667        11.9437820833333      -2.949688533988696E-002
  0.302332916666667        12.4629900000000      -2.608070748345340E-002
  0.602665833333333       2.000000000000000E-003 -0.234020442118867     
  0.602665833333333       0.521207916666667      -0.242771347869984     
  0.602665833333333        1.04041583333333      -0.279311359657874     
  0.602665833333333        1.55962375000000      -0.316250425035699     
  0.602665833333333        2.07883166666667      -0.348649192266326     
  0.602665833333333        2.59803958333333      -0.382346322340585     
  0.602665833333333        3.11724750000000      -0.405322032445403     
  0.602665833333333        3.63645541666667      -0.406280449430059     
  0.602665833333333        4.15566333333333      -0.366576766027206     
  0.602665833333333        4.67487125000000      -0.313569339942451     
  0.602665833333333        5.19407916666667      -0.261441846682885     
  0.602665833333333        5.71328708333333      -0.205743515413325     
  0.602665833333333        6.23249500000000      -0.163566873222511     
  0.602665833333333        6.75170291666667      -0.135659600528560     
  0.602665833333333        7.27091083333333      -0.119639895706603     
  0.602665833333333        7.79011875000000      -0.107434212974953     
  0.602665833333333        8.30932666666667      -9.375354657003328E-002
  0.602665833333333        8.82853458333333      -8.125329273314265E-002
  0.602665833333333        9.34774250000000      -6.477472891062903E-002
  0.602665833333333        9.86695041666667      -5.487383116863413E-002
  0.602665833333333        10.3861583333333      -4.677360235215745E-002
  0.602665833333333        10.9053662500000      -3.865570402445366E-002
  0.602665833333333        11.4245741666667      -3.389911673843071E-002
  0.602665833333333        11.9437820833333      -3.039313704987926E-002
  0.602665833333333        12.4629900000000      -2.671538922789009E-002
  0.902998750000000       2.000000000000000E-003 -0.224995094061256     
  0.902998750000000       0.521207916666667      -0.251877246297453     
  0.902998750000000        1.04041583333333      -0.289698547246688     
  0.902998750000000        1.55962375000000      -0.330692437660061     
  0.902998750000000        2.07883166666667      -0.369664961687005     
  0.902998750000000        2.59803958333333      -0.411963545196351     
  0.902998750000000        3.11724750000000      -0.439621972012645     
  0.902998750000000        3.63645541666667      -0.436741644484864     
  0.902998750000000        4.15566333333333      -0.395403873364770     
  0.902998750000000        4.67487125000000      -0.328245540199258     
  0.902998750000000        5.19407916666667      -0.265349805093267     
  0.902998750000000        5.71328708333333      -0.211311819213264     
  0.902998750000000        6.23249500000000      -0.170287374763913     
  0.902998750000000        6.75170291666667      -0.141651810496751     
  0.902998750000000        7.27091083333333      -0.123684292498238     
  0.902998750000000        7.79011875000000      -0.109608594213924     
  0.902998750000000        8.30932666666667      -9.485830475149983E-002
  0.902998750000000        8.82853458333333      -8.134511920765644E-002
  0.902998750000000        9.34774250000000      -6.818162612636101E-002
  0.902998750000000        9.86695041666667      -5.749050323641751E-002
  0.902998750000000        10.3861583333333      -4.801520940578389E-002
  0.902998750000000        10.9053662500000      -4.029208000180879E-002
  0.902998750000000        11.4245741666667      -3.541965583352160E-002
  0.902998750000000        11.9437820833333      -3.142977562823993E-002
  0.902998750000000        12.4629900000000      -2.739117568552807E-002
   1.20333166666667       2.000000000000000E-003 -0.216607472811359     
   1.20333166666667       0.521207916666667      -0.252947330503678     
   1.20333166666667        1.04041583333333      -0.295247497890960     
   1.20333166666667        1.55962375000000      -0.339614250598872     
   1.20333166666667        2.07883166666667      -0.383916446713875     
   1.20333166666667        2.59803958333333      -0.432152143476740     
   1.20333166666667        3.11724750000000      -0.462867005909840     
   1.20333166666667        3.63645541666667      -0.456386784998190     
   1.20333166666667        4.15566333333333      -0.411478170031392     
   1.20333166666667        4.67487125000000      -0.340388820125208     
   1.20333166666667        5.19407916666667      -0.270784331260233     
   1.20333166666667        5.71328708333333      -0.215892777634984     
   1.20333166666667        6.23249500000000      -0.175117441043118     
   1.20333166666667        6.75170291666667      -0.146081745882792     
   1.20333166666667        7.27091083333333      -0.126629704228993     
   1.20333166666667        7.79011875000000      -0.111135851482024     
   1.20333166666667        8.30932666666667      -9.599646311839420E-002
   1.20333166666667        8.82853458333333      -8.228338554423614E-002
   1.20333166666667        9.34774250000000      -6.983034405053541E-002
   1.20333166666667        9.86695041666667      -5.882538112443186E-002
   1.20333166666667        10.3861583333333      -4.936868563740142E-002
   1.20333166666667        10.9053662500000      -4.211824863900572E-002
   1.20333166666667        11.4245741666667      -3.703846335651108E-002
   1.20333166666667        11.9437820833333      -3.249473556949440E-002
   1.20333166666667        12.4629900000000      -2.804321942370617E-002
   1.50366458333333       2.000000000000000E-003 -0.210383153788396     
   1.50366458333333       0.521207916666667      -0.250319718686246     
   1.50366458333333        1.04041583333333      -0.296132218075815     
   1.50366458333333        1.55962375000000      -0.342809983883046     
   1.50366458333333        2.07883166666667      -0.391043650468196     
   1.50366458333333        2.59803958333333      -0.440595350701085     
   1.50366458333333        3.11724750000000      -0.471589613564647     
   1.50366458333333        3.63645541666667      -0.464419570113390     
   1.50366458333333        4.15566333333333      -0.416545568861387     
   1.50366458333333        4.67487125000000      -0.345030211191988     
   1.50366458333333        5.19407916666667      -0.274709955875921     
   1.50366458333333        5.71328708333333      -0.219034356390732     
   1.50366458333333        6.23249500000000      -0.178343502219933     
   1.50366458333333        6.75170291666667      -0.149219460002678     
   1.50366458333333        7.27091083333333      -0.128670693252982     
   1.50366458333333        7.79011875000000      -0.112152979961593     
   1.50366458333333        8.30932666666667      -9.682919662836643E-002
   1.50366458333333        8.82853458333333      -8.310734155596801E-002
   1.50366458333333        9.34774250000000      -7.087033946362650E-002
   1.50366458333333        9.86695041666667      -6.000549026121577E-002
   1.50366458333333        10.3861583333333      -5.092458748271134E-002
   1.50366458333333        10.9053662500000      -4.395226076979838E-002
   1.50366458333333        11.4245741666667      -3.852917135807059E-002
   1.50366458333333        11.9437820833333      -3.345677351880601E-002
   1.50366458333333        12.4629900000000      -2.859210955754448E-002
   1.80399750000000       2.000000000000000E-003 -0.205552935776123     
   1.80399750000000       0.521207916666667      -0.246028093447844     
   1.80399750000000        1.04041583333333      -0.293282603898193     
   1.80399750000000        1.55962375000000      -0.341472877285424     
   1.80399750000000        2.07883166666667      -0.390919118528619     
   1.80399750000000        2.59803958333333      -0.437136675979458     
   1.80399750000000        3.11724750000000      -0.465173919762230     
   1.80399750000000        3.63645541666667      -0.458046118788835     
   1.80399750000000        4.15566333333333      -0.412239322476238     
   1.80399750000000        4.67487125000000      -0.343514707568615     
   1.80399750000000        5.19407916666667      -0.274938873188157     
   1.80399750000000        5.71328708333333      -0.220072706103479     
   1.80399750000000        6.23249500000000      -0.180080359328752     
   1.80399750000000        6.75170291666667      -0.151255354690739     
   1.80399750000000        7.27091083333333      -0.129982002374650     
   1.80399750000000        7.79011875000000      -0.112768062655809     
   1.80399750000000        8.30932666666667      -9.732590227711062E-002
   1.80399750000000        8.82853458333333      -8.367004690965327E-002
   1.80399750000000        9.34774250000000      -7.169945635009603E-002
   1.80399750000000        9.86695041666667      -6.122321175063044E-002
   1.80399750000000        10.3861583333333      -5.250500395746829E-002
   1.80399750000000        10.9053662500000      -4.558878271237000E-002
   1.80399750000000        11.4245741666667      -3.972815751888436E-002
   1.80399750000000        11.9437820833333      -3.419105854959872E-002
   1.80399750000000        12.4629900000000      -2.896788808287436E-002
   2.10433041666667       2.000000000000000E-003 -0.201801515069246     
   2.10433041666667       0.521207916666667      -0.240808179542920     
   2.10433041666667        1.04041583333333      -0.287612197263957     
   2.10433041666667        1.55962375000000      -0.336920152059562     
   2.10433041666667        2.07883166666667      -0.383931534832648     
   2.10433041666667        2.59803958333333      -0.423655908304874     
   2.10433041666667        3.11724750000000      -0.446171010331965     
   2.10433041666667        3.63645541666667      -0.438585732950255     
   2.10433041666667        4.15566333333333      -0.397104773304369     
   2.10433041666667        4.67487125000000      -0.334383230930714     
   2.10433041666667        5.19407916666667      -0.270611593155522     
   2.10433041666667        5.71328708333333      -0.218697250665916     
   2.10433041666667        6.23249500000000      -0.180372324373547     
   2.10433041666667        6.75170291666667      -0.152214187378829     
   2.10433041666667        7.27091083333333      -0.130672835213421     
   2.10433041666667        7.79011875000000      -0.113054242166914     
   2.10433041666667        8.30932666666667      -9.760921528692669E-002
   2.10433041666667        8.82853458333333      -8.410675435878390E-002
   2.10433041666667        9.34774250000000      -7.242687610051725E-002
   2.10433041666667        9.86695041666667      -6.233665098710627E-002
   2.10433041666667        10.3861583333333      -5.387638555744186E-002
   2.10433041666667        10.9053662500000      -4.686182034271064E-002
   2.10433041666667        11.4245741666667      -4.055394802150248E-002
   2.10433041666667        11.9437820833333      -3.459642633867418E-002
   2.10433041666667        12.4629900000000      -2.912700361692498E-002
   2.40466333333333       2.000000000000000E-003 -0.199130091110976     
   2.40466333333333       0.521207916666667      -0.234641937896118     
   2.40466333333333        1.04041583333333      -0.279800453403951     
   2.40466333333333        1.55962375000000      -0.328106630378732     
   2.40466333333333        2.07883166666667      -0.370940498962449     
   2.40466333333333        2.59803958333333      -0.403167073437726     
   2.40466333333333        3.11724750000000      -0.419125095214835     
   2.40466333333333        3.63645541666667      -0.410431137109558     
   2.40466333333333        4.15566333333333      -0.373906302496349     
   2.40466333333333        4.67487125000000      -0.319026889318549     
   2.40466333333333        5.19407916666667      -0.262313613575776     
   2.40466333333333        5.71328708333333      -0.215085237209529     
   2.40466333333333        6.23249500000000      -0.179281591003867     
   2.40466333333333        6.75170291666667      -0.152139601502329     
   2.40466333333333        7.27091083333333      -0.130732213474223     
   2.40466333333333        7.79011875000000      -0.113004471614948     
   2.40466333333333        8.30932666666667      -9.769938035905186E-002
   2.40466333333333        8.82853458333333      -8.441972003351925E-002
   2.40466333333333        9.34774250000000      -7.300090910420244E-002
   2.40466333333333        9.86695041666667      -6.321051862897799E-002
   2.40466333333333        10.3861583333333      -5.491398139657922E-002
   2.40466333333333        10.9053662500000      -4.770941766237304E-002
   2.40466333333333        11.4245741666667      -4.095958758528012E-002
   2.40466333333333        11.9437820833333      -3.457799776365848E-002
   2.40466333333333        12.4629900000000      -2.903647600907586E-002
   2.70499625000000       2.000000000000000E-003 -0.196777578577025     
   2.70499625000000       0.521207916666667      -0.226402582220613     
   2.70499625000000        1.04041583333333      -0.268764000184030     
   2.70499625000000        1.55962375000000      -0.314661072513396     
   2.70499625000000        2.07883166666667      -0.353077020958308     
   2.70499625000000        2.59803958333333      -0.378652757162930     
   2.70499625000000        3.11724750000000      -0.388691390872581     
   2.70499625000000        3.63645541666667      -0.378775078189974     
   2.70499625000000        4.15566333333333      -0.346967447963357     
   2.70499625000000        4.67487125000000      -0.300270157533488     
   2.70499625000000        5.19407916666667      -0.251466150840029     
   2.70499625000000        5.71328708333333      -0.209734248513412     
   2.70499625000000        6.23249500000000      -0.176908318245073     
   2.70499625000000        6.75170291666667      -0.151045502574658     
   2.70499625000000        7.27091083333333      -0.130071946601575     
   2.70499625000000        7.79011875000000      -0.112532410595657     
   2.70499625000000        8.30932666666667      -9.748427796607871E-002
   2.70499625000000        8.82853458333333      -8.447884033942228E-002
   2.70499625000000        9.34774250000000      -7.330698900691295E-002
   2.70499625000000        9.86695041666667      -6.376518454769714E-002
   2.70499625000000        10.3861583333333      -5.556303877062219E-002
   2.70499625000000        10.9053662500000      -4.813815694082509E-002
   2.70499625000000        11.4245741666667      -4.093333630424859E-002
   2.70499625000000        11.9437820833333      -3.403524681338067E-002
   2.70499625000000        12.4629900000000      -2.875018126057518E-002
   3.00532916666667       2.000000000000000E-003 -0.193892848289049     
   3.00532916666667       0.521207916666667      -0.214698936925463     
   3.00532916666667        1.04041583333333      -0.254356445895974     
   3.00532916666667        1.55962375000000      -0.297179470202091     
   3.00532916666667        2.07883166666667      -0.331565766416735     
   3.00532916666667        2.59803958333333      -0.352265313216450     
   3.00532916666667        3.11724750000000      -0.358149939087605     
   3.00532916666667        3.63645541666667      -0.347580648972846     
   3.00532916666667        4.15566333333333      -0.319978509600776     
   3.00532916666667        4.67487125000000      -0.280766658729214     
   3.00532916666667        5.19407916666667      -0.239496336198544     
   3.00532916666667        5.71328708333333      -0.203169092866591     
   3.00532916666667        6.23249500000000      -0.173364977078123     
   3.00532916666667        6.75170291666667      -0.148949281856088     
   3.00532916666667        7.27091083333333      -0.128681394768349     
   3.00532916666667        7.79011875000000      -0.111577066356109     
   3.00532916666667        8.30932666666667      -9.686616639728911E-002
   3.00532916666667        8.82853458333333      -8.415004363653350E-002
   3.00532916666667        9.34774250000000      -7.324824603448818E-002
   3.00532916666667        9.86695041666667      -6.393634677402601E-002
   3.00532916666667        10.3861583333333      -5.579067624104291E-002
   3.00532916666667        10.9053662500000      -4.818598424047089E-002
   3.00532916666667        11.4245741666667      -4.053465055811296E-002
   3.00532916666667        11.9437820833333      -3.315943768189074E-002
   3.00532916666667        12.4629900000000      -2.852653953716740E-002
   3.30566208333333       2.000000000000000E-003 -0.188709571481803     
   3.30566208333333       0.521207916666667      -0.200771163867251     
   3.30566208333333        1.04041583333333      -0.237899668232937     
   3.30566208333333        1.55962375000000      -0.277030381247836     
   3.30566208333333        2.07883166666667      -0.307678560994092     
   3.30566208333333        2.59803958333333      -0.325202974597176     
   3.30566208333333        3.11724750000000      -0.328940090064373     
   3.30566208333333        3.63645541666667      -0.318679942229978     
   3.30566208333333        4.15566333333333      -0.294869261278429     
   3.30566208333333        4.67487125000000      -0.262048856709949     
   3.30566208333333        5.19407916666667      -0.227287136392705     
   3.30566208333333        5.71328708333333      -0.195741170481384     
   3.30566208333333        6.23249500000000      -0.168760819758489     
   3.30566208333333        6.75170291666667      -0.145903968672582     
   3.30566208333333        7.27091083333333      -0.126578602388056     
   3.30566208333333        7.79011875000000      -0.110102992999428     
   3.30566208333333        8.30932666666667      -9.582344760225754E-002
   3.30566208333333        8.82853458333333      -8.342803237752801E-002
   3.30566208333333        9.34774250000000      -7.280197243000489E-002
   3.30566208333333        9.86695041666667      -6.369897759234498E-002
   3.30566208333333        10.3861583333333      -5.561630811457866E-002
   3.30566208333333        10.9053662500000      -4.791995901485991E-002
   3.30566208333333        11.4245741666667      -4.002163058768164E-002
   3.30566208333333        11.9437820833333      -3.255123958169808E-002
   3.30566208333333        12.4629900000000      -2.884535228673838E-002
   3.60599500000000       2.000000000000000E-003 -0.180617182848129     
   3.60599500000000       0.521207916666667      -0.190336148839998     
   3.60599500000000        1.04041583333333      -0.221921106247908     
   3.60599500000000        1.55962375000000      -0.255914944960558     
   3.60599500000000        2.07883166666667      -0.282754867222107     
   3.60599500000000        2.59803958333333      -0.298124456548872     
   3.60599500000000        3.11724750000000      -0.301182393986800     
   3.60599500000000        3.63645541666667      -0.292132894489064     
   3.60599500000000        4.15566333333333      -0.271931074626882     
   3.60599500000000        4.67487125000000      -0.244499154409390     
   3.60599500000000        5.19407916666667      -0.215128634405705     
   3.60599500000000        5.71328708333333      -0.187624668224961     
   3.60599500000000        6.23249500000000      -0.163222860533571     
   3.60599500000000        6.75170291666667      -0.142013375180554     
   3.60599500000000        7.27091083333333      -0.123813247371725     
   3.60599500000000        7.79011875000000      -0.108099198167090     
   3.60599500000000        8.30932666666667      -9.432574514450086E-002
   3.60599500000000        8.82853458333333      -8.230205119793430E-002
   3.60599500000000        9.34774250000000      -7.197553298641655E-002
   3.60599500000000        9.86695041666667      -6.307812995234115E-002
   3.60599500000000        10.3861583333333      -5.508295929557453E-002
   3.60599500000000        10.9053662500000      -4.742020460498136E-002
   3.60599500000000        11.4245741666667      -3.966535117984728E-002
   3.60599500000000        11.9437820833333      -3.278655218062112E-002
   3.60599500000000        12.4629900000000      -2.940245556429841E-002
   3.90632791666667       2.000000000000000E-003 -0.175505785771434     
   3.90632791666667       0.521207916666667      -0.185243388061647     
   3.90632791666667        1.04041583333333      -0.207682346552483     
   3.90632791666667        1.55962375000000      -0.235298414590853     
   3.90632791666667        2.07883166666667      -0.258137143524787     
   3.90632791666667        2.59803958333333      -0.271669323603530     
   3.90632791666667        3.11724750000000      -0.274704915966137     
   3.90632791666667        3.63645541666667      -0.267380830847287     
   3.90632791666667        4.15566333333333      -0.250710746585268     
   3.90632791666667        4.67487125000000      -0.227910493547752     
   3.90632791666667        5.19407916666667      -0.203013742146076     
   3.90632791666667        5.71328708333333      -0.178941224437112     
   3.90632791666667        6.23249500000000      -0.156926663992251     
   3.90632791666667        6.75170291666667      -0.137426896712919     
   3.90632791666667        7.27091083333333      -0.120463378829288     
   3.90632791666667        7.79011875000000      -0.105592172851185     
   3.90632791666667        8.30932666666667      -9.239644142086016E-002
   3.90632791666667        8.82853458333333      -8.081400224902704E-002
   3.90632791666667        9.34774250000000      -7.082267369271647E-002
   3.90632791666667        9.86695041666667      -6.213321345147550E-002
   3.90632791666667        10.3861583333333      -5.425469900947178E-002
   3.90632791666667        10.9053662500000      -4.674179023543371E-002
   3.90632791666667        11.4245741666667      -3.942576976570834E-002
   3.90632791666667        11.9437820833333      -3.325475305736548E-002
   3.90632791666667        12.4629900000000      -2.882210646658103E-002
   4.20666083333333       2.000000000000000E-003 -0.167302805752714     
   4.20666083333333       0.521207916666667      -0.178013820265866     
   4.20666083333333        1.04041583333333      -0.194278420067791     
   4.20666083333333        1.55962375000000      -0.216058917048417     
   4.20666083333333        2.07883166666667      -0.234975310402901     
   4.20666083333333        2.59803958333333      -0.246660488149362     
   4.20666083333333        3.11724750000000      -0.249764446732354     
   4.20666083333333        3.63645541666667      -0.244231631960453     
   4.20666083333333        4.15566333333333      -0.230855880650474     
   4.20666083333333        4.67487125000000      -0.212063753302510     
   4.20666083333333        5.19407916666667      -0.190947502586920     
   4.20666083333333        5.71328708333333      -0.169862474327382     
   4.20666083333333        6.23249500000000      -0.150091052523923     
   4.20666083333333        6.75170291666667      -0.132312131615104     
   4.20666083333333        7.27091083333333      -0.116625735336358     
   4.20666083333333        7.79011875000000      -0.102651909276976     
   4.20666083333333        8.30932666666667      -9.011802500658475E-002
   4.20666083333333        8.82853458333333      -7.905618259840824E-002
   4.20666083333333        9.34774250000000      -6.942876305266880E-002
   4.20666083333333        9.86695041666667      -6.094155231605005E-002
   4.20666083333333        10.3861583333333      -5.320059092111289E-002
   4.20666083333333        10.9053662500000      -4.590421156744796E-002
   4.20666083333333        11.4245741666667      -3.904500408393773E-002
   4.20666083333333        11.9437820833333      -3.319114917928026E-002
   4.20666083333333        12.4629900000000      -2.820540170172113E-002
   4.50699375000000       2.000000000000000E-003 -0.153791581293328     
   4.50699375000000       0.521207916666667      -0.166607342510334     
   4.50699375000000        1.04041583333333      -0.180897794262755     
   4.50699375000000        1.55962375000000      -0.198517363538233     
   4.50699375000000        2.07883166666667      -0.214005424027951     
   4.50699375000000        2.59803958333333      -0.223893721500160     
   4.50699375000000        3.11724750000000      -0.226946539839662     
   4.50699375000000        3.63645541666667      -0.222943303504472     
   4.50699375000000        4.15566333333333      -0.212372300452188     
   4.50699375000000        4.67487125000000      -0.196956001443447     
   4.50699375000000        5.19407916666667      -0.179046752710328     
   4.50699375000000        5.71328708333333      -0.160598730729638     
   4.50699375000000        6.23249500000000      -0.142925382941368     
   4.50699375000000        6.75170291666667      -0.126817495559878     
   4.50699375000000        7.27091083333333      -0.112405693611118     
   4.50699375000000        7.79011875000000      -9.939120849662231E-002
   4.50699375000000        8.30932666666667      -8.762407721675851E-002
   4.50699375000000        8.82853458333333      -7.715071238378493E-002
   4.50699375000000        9.34774250000000      -6.788817958855567E-002
   4.50699375000000        9.86695041666667      -5.957836583480703E-002
   4.50699375000000        10.3861583333333      -5.197926496391145E-002
   4.50699375000000        10.9053662500000      -4.491738272791188E-002
   4.50699375000000        11.4245741666667      -3.837730515653508E-002
   4.50699375000000        11.9437820833333      -3.258096285891830E-002
   4.50699375000000        12.4629900000000      -2.721168041534655E-002
   4.80732666666667       2.000000000000000E-003 -0.140052408371235     
   4.80732666666667       0.521207916666667      -0.153962413706580     
   4.80732666666667        1.04041583333333      -0.167826550299043     
   4.80732666666667        1.55962375000000      -0.182647754147987     
   4.80732666666667        2.07883166666667      -0.195436885777630     
   4.80732666666667        2.59803958333333      -0.203774528955822     
   4.80732666666667        3.11724750000000      -0.206660512120881     
   4.80732666666667        3.63645541666667      -0.203779178337373     
   4.80732666666667        4.15566333333333      -0.195378080971698     
   4.80732666666667        4.67487125000000      -0.182670234882238     
   4.80732666666667        5.19407916666667      -0.167438517964287     
   4.80732666666667        5.71328708333333      -0.151309250776357     
   4.80732666666667        6.23249500000000      -0.135569292119092     
   4.80732666666667        6.75170291666667      -0.121049007412210     
   4.80732666666667        7.27091083333333      -0.107913000475322     
   4.80732666666667        7.79011875000000      -9.595710319110239E-002
   4.80732666666667        8.30932666666667      -8.504366889945413E-002
   4.80732666666667        8.82853458333333      -7.517305201978848E-002
   4.80732666666667        9.34774250000000      -6.625756277283977E-002
   4.80732666666667        9.86695041666667      -5.810523634109820E-002
   4.80732666666667        10.3861583333333      -5.063437221844386E-002
   4.80732666666667        10.9053662500000      -4.379653764816202E-002
   4.80732666666667        11.4245741666667      -3.748351825081240E-002
   4.80732666666667        11.9437820833333      -3.167605560237093E-002
   4.80732666666667        12.4629900000000      -2.615903590048943E-002
   5.10765958333333       2.000000000000000E-003 -0.128602941164357     
   5.10765958333333       0.521207916666667      -0.142381943427852     
   5.10765958333333        1.04041583333333      -0.155534423522351     
   5.10765958333333        1.55962375000000      -0.168289335741539     
   5.10765958333333        2.07883166666667      -0.179035750482224     
   5.10765958333333        2.59803958333333      -0.186155018109414     
   5.10765958333333        3.11724750000000      -0.188818164832326     
   5.10765958333333        3.63645541666667      -0.186652064244815     
   5.10765958333333        4.15566333333333      -0.179788394472477     
   5.10765958333333        4.67487125000000      -0.169158510340724     
   5.10765958333333        5.19407916666667      -0.156135868745424     
   5.10765958333333        5.71328708333333      -0.142044165586633     
   5.10765958333333        6.23249500000000      -0.128080261710526     
   5.10765958333333        6.75170291666667      -0.115077873809805     
   5.10765958333333        7.27091083333333      -0.103262381967718     
   5.10765958333333        7.79011875000000      -9.246214024680346E-002
   5.10765958333333        8.30932666666667      -8.242508718397155E-002
   5.10765958333333        8.82853458333333      -7.314592900819245E-002
   5.10765958333333        9.34774250000000      -6.455671775377766E-002
   5.10765958333333        9.86695041666667      -5.655522484038569E-002
   5.10765958333333        10.3861583333333      -4.920620332106418E-002
   5.10765958333333        10.9053662500000      -4.255838159690014E-002
   5.10765958333333        11.4245741666667      -3.644264999141410E-002
   5.10765958333333        11.9437820833333      -3.069441431441909E-002
   5.10765958333333        12.4629900000000      -2.521798101373089E-002
   5.40799250000000       2.000000000000000E-003 -0.120207729405870     
   5.40799250000000       0.521207916666667      -0.132629565730038     
   5.40799250000000        1.04041583333333      -0.144408487026616     
   5.40799250000000        1.55962375000000      -0.155313012509865     
   5.40799250000000        2.07883166666667      -0.164375783236428     
   5.40799250000000        2.59803958333333      -0.170505301103622     
   5.40799250000000        3.11724750000000      -0.172898545795272     
   5.40799250000000        3.63645541666667      -0.171110018057694     
   5.40799250000000        4.15566333333333      -0.165258144246204     
   5.40799250000000        4.67487125000000      -0.156206358629876     
   5.40799250000000        5.19407916666667      -0.145051922802989     
   5.40799250000000        5.71328708333333      -0.132790997968533     
   5.40799250000000        6.23249500000000      -0.120485831926210     
   5.40799250000000        6.75170291666667      -0.108970782997034     
   5.40799250000000        7.27091083333333      -9.855432139126223E-002
   5.40799250000000        7.79011875000000      -8.894209230691390E-002
   5.40799250000000        8.30932666666667      -7.977719620021811E-002
   5.40799250000000        8.82853458333333      -7.105879715871069E-002
   5.40799250000000        9.34774250000000      -6.278268588029999E-002
   5.40799250000000        9.86695041666667      -5.493739090835384E-002
   5.40799250000000        10.3861583333333      -4.771010182046793E-002
   5.40799250000000        10.9053662500000      -4.122251788312484E-002
   5.40799250000000        11.4245741666667      -3.529685749531077E-002
   5.40799250000000        11.9437820833333      -2.969427801956935E-002
   5.40799250000000        12.4629900000000      -2.438387556298784E-002
   5.70832541666667       2.000000000000000E-003 -0.114434836110760     
   5.70832541666667       0.521207916666667      -0.124790854402495     
   5.70832541666667        1.04041583333333      -0.134605465044288     
   5.70832541666667        1.55962375000000      -0.143675009022537     
   5.70832541666667        2.07883166666667      -0.151096591270131     
   5.70832541666667        2.59803958333333      -0.156269640232586     
   5.70832541666667        3.11724750000000      -0.158301518826214     
   5.70832541666667        3.63645541666667      -0.156633855315639     
   5.70832541666667        4.15566333333333      -0.151393447130184     
   5.70832541666667        4.67487125000000      -0.143590522344231     
   5.70832541666667        5.19407916666667      -0.134146661048710     
   5.70832541666667        5.71328708333333      -0.123592558171482     
   5.70832541666667        6.23249500000000      -0.112858928634283     
   5.70832541666667        6.75170291666667      -0.102816529436786     
   5.70832541666667        7.27091083333333      -9.382843400266995E-002
   5.70832541666667        7.79011875000000      -8.539207963026606E-002
   5.70832541666667        8.30932666666667      -7.704379370145323E-002
   5.70832541666667        8.82853458333333      -6.883918888037593E-002
   5.70832541666667        9.34774250000000      -6.088735383196583E-002
   5.70832541666667        9.86695041666667      -5.323915634876158E-002
   5.70832541666667        10.3861583333333      -4.614169962685226E-002
   5.70832541666667        10.9053662500000      -3.980217167747003E-002
   5.70832541666667        11.4245741666667      -3.407490757804403E-002
   5.70832541666667        11.9437820833333      -2.868924024095513E-002
   5.70832541666667        12.4629900000000      -2.363215197521754E-002
   6.00865833333333       2.000000000000000E-003 -0.111094087231943     
   6.00865833333333       0.521207916666667      -0.118527510295190     
   6.00865833333333        1.04041583333333      -0.125896043648492     
   6.00865833333333        1.55962375000000      -0.133198300697966     
   6.00865833333333        2.07883166666667      -0.139010997890609     
   6.00865833333333        2.59803958333333      -0.143143610687277     
   6.00865833333333        3.11724750000000      -0.144707252577820     
   6.00865833333333        3.63645541666667      -0.142992835389010     
   6.00865833333333        4.15566333333333      -0.137976136379606     
   6.00865833333333        4.67487125000000      -0.131205296419473     
   6.00865833333333        5.19407916666667      -0.123570186393851     
   6.00865833333333        5.71328708333333      -0.114632073906366     
   6.00865833333333        6.23249500000000      -0.105351325184853     
   6.00865833333333        6.75170291666667      -9.673229452259605E-002
   6.00865833333333        7.27091083333333      -8.910852806095622E-002
   6.00865833333333        7.79011875000000      -8.177622735262456E-002
   6.00865833333333        8.30932666666667      -7.413395176122634E-002
   6.00865833333333        8.82853458333333      -6.640889977663844E-002
   6.00865833333333        9.34774250000000      -5.881024100483435E-002
   6.00865833333333        9.86695041666667      -5.143166009376383E-002
   6.00865833333333        10.3861583333333      -4.449424008785401E-002
   6.00865833333333        10.9053662500000      -3.830177971966646E-002
   6.00865833333333        11.4245741666667      -3.280081285867400E-002
   6.00865833333333        11.9437820833333      -2.769002195920080E-002
   6.00865833333333        12.4629900000000      -2.292804534159601E-002
   6.30899125000000       2.000000000000000E-003 -0.109967573916098     
   6.30899125000000       0.521207916666667      -0.113054500289104     
   6.30899125000000        1.04041583333333      -0.117946924374556     
   6.30899125000000        1.55962375000000      -0.123653084149101     
   6.30899125000000        2.07883166666667      -0.128036403616829     
   6.30899125000000        2.59803958333333      -0.131101237050587     
   6.30899125000000        3.11724750000000      -0.132172202441928     
   6.30899125000000        3.63645541666667      -0.130396105124076     
   6.30899125000000        4.15566333333333      -0.125194344182189     
   6.30899125000000        4.67487125000000      -0.119305035940936     
   6.30899125000000        5.19407916666667      -0.113720475137112     
   6.30899125000000        5.71328708333333      -0.106205982324180     
   6.30899125000000        6.23249500000000      -9.815298008555302E-002
   6.30899125000000        6.75170291666667      -9.081106495947688E-002
   6.30899125000000        7.27091083333333      -8.441889306419528E-002
   6.30899125000000        7.79011875000000      -7.806319858315669E-002
   6.30899125000000        8.30932666666667      -7.105037213588125E-002
   6.30899125000000        8.82853458333333      -6.391466436797209E-002
   6.30899125000000        9.34774250000000      -5.658084511095490E-002
   6.30899125000000        9.86695041666667      -4.949223723908733E-002
   6.30899125000000        10.3861583333333      -4.277123880692543E-002
   6.30899125000000        10.9053662500000      -3.673531317628759E-002
   6.30899125000000        11.4245741666667      -3.149626455317572E-002
   6.30899125000000        11.9437820833333      -2.670223030027622E-002
   6.30899125000000        12.4629900000000      -2.223633012690490E-002
   6.60932416666667       2.000000000000000E-003 -0.109718482504141     
   6.60932416666667       0.521207916666667      -0.107019013178675     
   6.60932416666667        1.04041583333333      -0.110573878305306     
   6.60932416666667        1.55962375000000      -0.114880203318733     
   6.60932416666667        2.07883166666667      -0.118061778428353     
   6.60932416666667        2.59803958333333      -0.120211766499795     
   6.60932416666667        3.11724750000000      -0.120916269733238     
   6.60932416666667        3.63645541666667      -0.119360749841829     
   6.60932416666667        4.15566333333333      -0.114071736680129     
   6.60932416666667        4.67487125000000      -0.108977812410784     
   6.60932416666667        5.19407916666667      -0.105312030468388     
   6.60932416666667        5.71328708333333      -9.858249788630113E-002
   6.60932416666667        6.23249500000000      -9.140554793656808E-002
   6.60932416666667        6.75170291666667      -8.511807477996013E-002
   6.60932416666667        7.27091083333333      -7.977507074291404E-002
   6.60932416666667        7.79011875000000      -7.426623815551971E-002
   6.60932416666667        8.30932666666667      -6.800463970448223E-002
   6.60932416666667        8.82853458333333      -6.179976397961096E-002
   6.60932416666667        9.34774250000000      -5.430359367732480E-002
   6.60932416666667        9.86695041666667      -4.739217925486377E-002
   6.60932416666667        10.3861583333333      -4.099004727111803E-002
   6.60932416666667        10.9053662500000      -3.513352974798365E-002
   6.60932416666667        11.4245741666667      -3.018601601796274E-002
   6.60932416666667        11.9437820833333      -2.572515666669524E-002
   6.60932416666667        12.4629900000000      -2.153005928031945E-002
   6.90965708333333       2.000000000000000E-003 -0.104720233098542     
   6.90965708333333       0.521207916666667      -0.100569941622306     
   6.90965708333333        1.04041583333333      -0.103827110429680     
   6.90965708333333        1.55962375000000      -0.106699718777003     
   6.90965708333333        2.07883166666667      -0.108926404449164     
   6.90965708333333        2.59803958333333      -0.110437966807614     
   6.90965708333333        3.11724750000000      -0.110989073799481     
   6.90965708333333        3.63645541666667      -0.110197373558634     
   6.90965708333333        4.15566333333333      -0.106188271273270     
   6.90965708333333        4.67487125000000      -0.102079842357935     
   6.90965708333333        5.19407916666667      -9.877718457837806E-002
   6.90965708333333        5.71328708333333      -9.178981224365901E-002
   6.90965708333333        6.23249500000000      -8.513674912718169E-002
   6.90965708333333        6.75170291666667      -7.968150475936818E-002
   6.90965708333333        7.27091083333333      -7.519794231533325E-002
   6.90965708333333        7.79011875000000      -7.043463138125911E-002
   6.90965708333333        8.30932666666667      -6.503488857291262E-002
   6.90965708333333        8.82853458333333      -5.941329891747300E-002
   6.90965708333333        9.34774250000000      -5.166095249799257E-002
   6.90965708333333        9.86695041666667      -4.510848232704227E-002
   6.90965708333333        10.3861583333333      -3.917736840285860E-002
   6.90965708333333        10.9053662500000      -3.354036056980265E-002
   6.90965708333333        11.4245741666667      -2.889737082587678E-002
   6.90965708333333        11.9437820833333      -2.475510438056472E-002
   6.90965708333333        12.4629900000000      -2.079315928135345E-002
   7.20999000000000       2.000000000000000E-003 -9.578878586936281E-002
   7.20999000000000       0.521207916666667      -9.647199041306388E-002
   7.20999000000000        1.04041583333333      -9.730302979926320E-002
   7.20999000000000        1.55962375000000      -9.890089660606807E-002
   7.20999000000000        2.07883166666667      -0.100470055279607     
   7.20999000000000        2.59803958333333      -0.101586796667383     
   7.20999000000000        3.11724750000000      -0.102102418588146     
   7.20999000000000        3.63645541666667      -0.102271116418641     
   7.20999000000000        4.15566333333333      -0.100631078767168     
   7.20999000000000        4.67487125000000      -9.675046949451566E-002
   7.20999000000000        5.19407916666667      -9.287741942674080E-002
   7.20999000000000        5.71328708333333      -8.547869073797400E-002
   7.20999000000000        6.23249500000000      -7.927330625603547E-002
   7.20999000000000        6.75170291666667      -7.450465406763784E-002
   7.20999000000000        7.27091083333333      -7.070975190105695E-002
   7.20999000000000        7.79011875000000      -6.659978418587063E-002
   7.20999000000000        8.30932666666667      -6.175292637970853E-002
   7.20999000000000        8.82853458333333      -5.656015578124557E-002
   7.20999000000000        9.34774250000000      -4.888771124612075E-002
   7.20999000000000        9.86695041666667      -4.287866085448617E-002
   7.20999000000000        10.3861583333333      -3.737157292048256E-002
   7.20999000000000        10.9053662500000      -3.200755090742899E-002
   7.20999000000000        11.4245741666667      -2.766033486676886E-002
   7.20999000000000        11.9437820833333      -2.379115023425259E-002
   7.20999000000000        12.4629900000000      -2.001828491121298E-002
